0.333,0.333,0.5,28.0,100000.0,2148.0,10.52,71.37,0.11,0.3,0.3,0.0,
0.333,0.333,0.502,21.0,100000.0,2146.0,10.53,71.5,0.11,0.31,0.3,0.0,
0.333,0.333,0.505,14.0,100000.0,2137.0,10.54,71.64,0.11,0.31,0.3,0.0,
0.333,0.333,0.507,27.0,100000.0,2131.0,10.57,71.76,0.11,0.31,0.3,0.0,
0.333,0.333,0.51,16.0,100000.0,2132.0,10.57,71.89,0.11,0.31,0.3,0.0,
0.333,0.333,0.512,23.0,100000.0,2135.0,10.59,72.03,0.11,0.31,0.3,0.0,
0.333,0.333,0.515,20.0,100000.0,2148.0,10.61,72.15,0.11,0.31,0.3,0.0,
0.333,0.333,0.517,27.0,100000.0,2151.0,10.61,72.28,0.11,0.31,0.3,0.0,
0.333,0.333,0.52,16.0,100000.0,2143.0,10.63,72.41,0.11,0.31,0.3,0.0,
0.333,0.333,0.522,21.0,100000.0,2136.0,10.65,72.54,0.11,0.31,0.3,0.0,
0.333,0.333,0.525,30.0,100000.0,2149.0,10.65,72.66,0.11,0.31,0.3,0.0,
0.333,0.333,0.527,24.0,100000.0,2139.0,10.67,72.79,0.11,0.31,0.3,0.0,
0.333,0.333,0.53,24.0,100000.0,2148.0,10.69,72.91,0.11,0.31,0.3,0.0,
0.333,0.333,0.533,30.0,100000.0,2149.0,10.69,73.04,0.11,0.31,0.3,0.0,
0.333,0.333,0.535,24.0,100000.0,2137.0,10.71,73.17,0.11,0.31,0.3,0.0,
0.333,0.333,0.538,20.0,100000.0,2135.0,10.73,73.29,0.11,0.31,0.3,0.0,
0.333,0.333,0.54,24.0,100000.0,2137.0,10.73,73.41,0.11,0.31,0.3,0.0,
0.333,0.333,0.543,27.0,100000.0,2136.0,10.75,73.54,0.11,0.31,0.3,0.0,
0.333,0.333,0.545,26.0,100000.0,2141.0,10.77,73.67,0.11,0.31,0.3,0.0,
0.333,0.333,0.548,24.0,100000.0,2137.0,10.77,73.79,0.11,0.31,0.3,0.0,
0.333,0.333,0.55,24.0,100000.0,2137.0,10.8,73.92,0.11,0.32,0.3,0.0,
0.333,0.333,0.553,20.0,100000.0,2159.0,10.8,74.04,0.11,0.32,0.3,0.0,
0.333,0.333,0.555,23.0,100000.0,2128.0,10.82,74.17,0.11,0.32,0.3,0.0,
0.333,0.333,0.558,24.0,100000.0,2148.0,10.84,74.29,0.09,0.32,0.3,0.0,
0.333,0.333,0.56,22.0,100000.0,2154.0,10.84,74.41,0.09,0.32,0.3,0.0,
0.333,0.333,0.562,27.0,100000.0,2154.0,10.87,74.54,0.09,0.32,0.3,0.0,
0.333,0.333,0.565,23.0,100000.0,2136.0,10.87,74.66,0.09,0.32,0.3,0.0,
0.333,0.333,0.567,24.0,100000.0,2142.0,10.89,74.78,0.09,0.32,0.3,0.0,
0.333,0.333,0.57,34.0,100000.0,2142.0,10.91,74.9,0.09,0.32,0.3,0.0,
0.333,0.333,0.572,26.0,100000.0,2144.0,10.91,75.02,0.09,0.32,0.3,0.0,
0.333,0.333,0.575,17.0,100000.0,2143.0,10.94,75.14,0.09,0.32,0.3,0.0,
0.333,0.333,0.577,17.0,100000.0,2147.0,10.94,75.27,0.09,0.32,0.3,0.0,
0.333,0.333,0.58,36.0,100000.0,2144.0,10.96,75.39,0.09,0.32,0.3,0.0,
0.333,0.333,0.582,20.0,100000.0,2132.0,10.98,75.51,0.09,0.32,0.3,0.0,
0.333,0.333,0.585,21.0,100000.0,2138.0,10.98,75.63,0.09,0.32,0.3,0.0,
0.333,0.333,0.587,27.0,100000.0,2138.0,11.01,75.75,0.09,0.32,0.3,0.0,
0.333,0.333,0.59,26.0,100000.0,2140.0,11.01,75.87,0.09,0.32,0.3,0.0,
0.333,0.333,0.592,24.0,100000.0,2147.0,11.04,75.99,0.09,0.32,0.3,0.0,
0.333,0.333,0.595,16.0,100000.0,2147.0,11.04,76.11,0.09,0.32,0.3,0.0,
0.333,0.333,0.597,20.0,100000.0,2144.0,11.07,76.23,0.09,0.32,0.3,0.0,
0.333,0.333,0.6,27.0,100000.0,2140.0,11.07,76.35,0.09,0.32,0.3,0.0,
0.333,0.333,0.603,25.0,100000.0,2146.0,11.1,76.46,0.09,0.32,0.3,0.0,
0.333,0.333,0.605,22.0,100000.0,2133.0,11.1,76.58,0.09,0.32,0.3,0.0,
0.333,0.333,0.608,21.0,100000.0,2152.0,11.13,76.7,0.09,0.32,0.3,0.0,
0.333,0.333,0.61,27.0,100000.0,2144.0,11.13,76.82,0.09,0.32,0.3,0.0,
0.333,0.333,0.613,25.0,100000.0,2138.0,11.16,76.93,0.09,0.32,0.3,0.0,
0.333,0.333,0.615,26.0,100000.0,2151.0,11.16,77.05,0.09,0.32,0.3,0.0,
0.333,0.333,0.618,28.0,100000.0,2150.0,11.19,77.17,0.09,0.32,0.3,0.0,
0.333,0.333,0.62,14.0,100000.0,2135.0,11.19,77.28,0.09,0.32,0.3,0.0,
0.333,0.333,0.623,24.0,100000.0,2143.0,11.22,77.4,0.09,0.32,0.3,0.0,
0.333,0.333,0.625,13.0,100000.0,2140.0,11.22,77.52,0.09,0.32,0.3,0.0,
0.333,0.333,0.627,22.0,100000.0,2171.0,11.25,77.63,0.09,0.32,0.3,0.0,
0.333,0.333,0.63,24.0,100000.0,2141.0,11.25,77.75,0.09,0.32,0.3,0.0,
0.333,0.333,0.632,24.0,100000.0,2141.0,11.28,77.87,0.09,0.32,0.3,0.0,
0.333,0.333,0.635,21.0,100000.0,2141.0,11.28,77.98,0.09,0.32,0.3,0.0,
0.333,0.333,0.637,27.0,100000.0,2127.0,11.31,78.09,0.09,0.32,0.3,0.0,
0.333,0.333,0.64,22.0,100000.0,2137.0,11.31,78.21,0.09,0.32,0.3,0.0,
0.333,0.333,0.642,19.0,100000.0,2144.0,11.34,78.31,0.09,0.32,0.3,0.0,
0.333,0.333,0.645,21.0,100000.0,2144.0,11.34,78.43,0.09,0.32,0.3,0.0,
0.333,0.333,0.647,27.0,100000.0,2145.0,11.37,78.55,0.09,0.32,0.3,0.0,
0.333,0.333,0.65,24.0,100000.0,2152.0,11.37,78.66,0.09,0.32,0.3,0.0,
0.333,0.333,0.653,19.0,100000.0,2153.0,11.4,78.78,0.09,0.32,0.3,0.0,
0.333,0.333,0.655,22.0,100000.0,2127.0,11.42,78.89,0.09,0.32,0.3,0.0,
0.333,0.333,0.658,25.0,100000.0,2137.0,11.42,79.0,0.09,0.32,0.3,0.0,
0.333,0.333,0.66,28.0,100000.0,2150.0,11.45,79.1,0.09,0.32,0.3,0.0,
0.333,0.333,0.663,19.0,100000.0,2148.0,11.45,79.23,0.09,0.32,0.3,0.0,
0.333,0.333,0.665,25.0,100000.0,2152.0,11.48,79.34,0.09,0.32,0.3,0.0,
0.333,0.333,0.668,24.0,100000.0,2145.0,11.48,79.45,0.09,0.32,0.3,0.0,
0.333,0.333,0.67,26.0,100000.0,2145.0,11.51,79.55,0.09,0.32,0.3,0.0,
0.333,0.333,0.673,22.0,100000.0,2137.0,11.53,79.67,0.09,0.32,0.3,0.0,
0.333,0.333,0.675,11.0,100000.0,2147.0,11.53,79.78,0.09,0.32,0.3,0.0,
0.333,0.333,0.678,25.0,100000.0,2148.0,11.56,79.89,0.09,0.32,0.3,0.0,
0.333,0.333,0.68,36.0,100000.0,2142.0,11.56,79.99,0.09,0.32,0.3,0.0,
0.333,0.333,0.683,26.0,100000.0,2153.0,11.59,80.1,0.09,0.32,0.3,0.0,
0.333,0.333,0.685,23.0,100000.0,2156.0,11.61,80.21,0.09,0.32,0.3,0.0,
0.333,0.333,0.688,26.0,100000.0,2148.0,11.61,80.32,0.09,0.32,0.3,0.0,
0.333,0.333,0.69,25.0,100000.0,2152.0,11.64,80.44,0.09,0.31,0.3,0.0,
0.333,0.333,0.692,29.0,100000.0,2150.0,11.64,80.55,0.09,0.31,0.3,0.0,
0.333,0.333,0.695,24.0,100000.0,2149.0,11.67,80.65,0.09,0.31,0.3,0.0,
0.333,0.333,0.697,22.0,100000.0,2144.0,11.69,80.76,0.09,0.31,0.3,0.0,
0.333,0.333,0.7,17.0,100000.0,2137.0,11.69,80.87,0.09,0.31,0.3,0.0,
0.333,0.333,0.702,28.0,100000.0,2145.0,11.72,80.98,0.09,0.31,0.3,0.0,
0.333,0.333,0.705,16.0,100000.0,2139.0,11.74,81.09,0.09,0.31,0.3,0.0,
0.333,0.333,0.707,18.0,100000.0,2143.0,11.74,81.19,0.09,0.31,0.3,0.0,
0.333,0.333,0.71,21.0,100000.0,2147.0,11.77,81.3,0.09,0.31,0.3,0.0,
0.333,0.333,0.712,30.0,100000.0,2146.0,11.79,81.41,0.09,0.31,0.3,0.0,
0.333,0.333,0.715,29.0,100000.0,2134.0,11.79,81.51,0.09,0.31,0.3,0.0,
0.333,0.333,0.717,28.0,100000.0,2146.0,11.82,81.62,0.09,0.31,0.3,0.0,
0.333,0.333,0.72,23.0,100000.0,2129.0,11.82,81.73,0.09,0.31,0.3,0.0,
0.333,0.333,0.722,17.0,100000.0,2150.0,11.85,81.83,0.09,0.31,0.3,0.0,
0.333,0.333,0.725,27.0,100000.0,2143.0,11.87,81.93,0.09,0.31,0.3,0.0,
0.333,0.333,0.727,22.0,100000.0,2149.0,11.87,82.05,0.09,0.31,0.3,0.0,
0.333,0.333,0.73,23.0,100000.0,2140.0,11.9,82.15,0.09,0.31,0.3,0.0,
0.333,0.333,0.733,36.0,100000.0,2133.0,11.92,82.25,0.09,0.31,0.3,0.0,
0.333,0.333,0.735,27.0,100000.0,2144.0,11.92,82.36,0.09,0.31,0.3,0.0,
0.333,0.333,0.738,19.0,100000.0,2139.0,11.95,82.46,0.09,0.31,0.3,0.0,
0.333,0.333,0.74,25.0,100000.0,2150.0,11.97,82.57,0.09,0.31,0.3,0.0,
0.333,0.333,0.743,18.0,100000.0,2121.0,11.99,82.67,0.09,0.31,0.3,0.0,
0.333,0.333,0.745,20.0,100000.0,2132.0,11.99,82.77,0.09,0.31,0.3,0.0,
0.333,0.333,0.748,18.0,100000.0,2132.0,12.02,82.88,0.09,0.31,0.3,0.0,
0.333,0.333,0.75,32.0,100000.0,2137.0,12.04,82.98,0.09,0.31,0.3,0.0,
0.333,0.333,0.752,26.0,100000.0,2137.0,12.04,83.08,0.09,0.31,0.3,0.0,
0.333,0.333,0.755,26.0,100000.0,2145.0,12.07,83.18,0.09,0.31,0.3,0.0,
0.333,0.333,0.757,24.0,100000.0,2147.0,12.09,83.29,0.09,0.31,0.3,0.0,
0.333,0.333,0.76,24.0,100000.0,2147.0,12.09,83.39,0.09,0.31,0.3,0.0,
0.333,0.333,0.762,23.0,100000.0,2137.0,12.12,83.49,0.09,0.31,0.3,0.0,
0.333,0.333,0.765,27.0,100000.0,2142.0,12.14,83.59,0.09,0.31,0.3,0.0,
0.333,0.333,0.767,32.0,100000.0,2141.0,12.16,83.69,0.09,0.31,0.3,0.0,
0.333,0.333,0.77,22.0,100000.0,2137.0,12.16,83.79,0.09,0.31,0.3,0.0,
0.333,0.333,0.773,32.0,100000.0,2145.0,12.19,83.89,0.09,0.31,0.3,0.0,
0.333,0.333,0.775,24.0,100000.0,2141.0,12.21,83.99,0.09,0.31,0.3,0.0,
0.333,0.333,0.778,22.0,100000.0,2149.0,12.21,84.09,0.09,0.31,0.3,0.0,
0.333,0.333,0.78,22.0,100000.0,2148.0,12.24,84.19,0.09,0.31,0.3,0.0,
0.333,0.333,0.783,17.0,100000.0,2159.0,12.26,84.29,0.09,0.31,0.3,0.0,
0.333,0.333,0.785,20.0,100000.0,2139.0,12.28,84.39,0.07,0.31,0.3,0.0,
0.333,0.333,0.788,19.0,100000.0,2137.0,12.28,84.49,0.07,0.31,0.3,0.0,
0.333,0.333,0.79,41.0,100000.0,2154.0,12.31,84.59,0.07,0.31,0.3,0.0,
0.333,0.333,0.793,26.0,100000.0,2151.0,12.33,84.69,0.07,0.31,0.3,0.0,
0.333,0.333,0.795,46.0,100000.0,2138.0,12.35,84.79,0.07,0.31,0.3,0.0,
0.333,0.333,0.798,60.0,100000.0,2153.0,12.35,84.89,0.07,0.31,0.3,0.0,
0.333,0.333,0.8,80.0,100000.0,2135.0,12.38,84.99,0.07,0.31,0.3,0.0,
0.333,0.333,0.803,169.0,100000.0,2142.0,12.4,85.08,0.07,0.31,0.3,0.0,
0.333,0.333,0.805,230.0,100000.0,2141.0,12.42,85.18,0.07,0.31,0.3,0.0,
0.333,0.333,0.808,304.0,100000.0,2145.0,12.44,85.28,0.07,0.31,0.3,0.0,
0.333,0.333,0.81,321.0,100000.0,2163.0,12.44,85.38,0.07,0.3,0.3,0.0,
0.333,0.333,0.812,368.0,100000.0,2135.0,12.47,85.47,0.07,0.3,0.3,0.0,
0.333,0.333,0.815,319.0,100000.0,2138.0,12.49,85.57,0.07,0.3,0.3,0.0,
0.333,0.333,0.817,269.0,100000.0,2127.0,12.51,85.67,0.07,0.3,0.3,0.0,
0.333,0.333,0.82,181.0,100000.0,2136.0,12.51,85.76,0.07,0.3,0.3,0.0,
0.333,0.333,0.822,135.0,100000.0,2128.0,12.54,85.86,0.07,0.3,0.3,0.0,
0.333,0.333,0.825,86.0,100000.0,2144.0,12.56,85.95,0.07,0.3,0.3,0.0,
0.333,0.333,0.827,47.0,100000.0,2148.0,12.58,86.05,0.07,0.3,0.3,0.0,
0.333,0.333,0.83,30.0,100000.0,2133.0,12.6,86.14,0.07,0.3,0.3,0.0,
0.333,0.333,0.832,23.0,100000.0,2143.0,12.6,86.24,0.07,0.3,0.3,0.0,
0.333,0.333,0.835,31.0,100000.0,2131.0,12.63,86.33,0.07,0.3,0.3,0.0,
0.333,0.333,0.837,29.0,100000.0,2147.0,12.65,86.43,0.07,0.3,0.3,0.0,
0.333,0.333,0.84,31.0,100000.0,2151.0,12.67,86.52,0.07,0.3,0.3,0.0,
0.333,0.333,0.842,27.0,100000.0,2150.0,12.69,86.62,0.07,0.3,0.3,0.0,
0.333,0.333,0.845,19.0,100000.0,2143.0,12.69,86.71,0.07,0.3,0.3,0.0,
0.333,0.333,0.847,20.0,100000.0,2144.0,12.72,86.8,0.07,0.3,0.3,0.0,
0.333,0.333,0.85,26.0,100000.0,2123.0,12.74,86.9,0.07,0.3,0.3,0.0,
0.333,0.333,0.852,25.0,100000.0,2131.0,12.76,86.99,0.07,0.3,0.3,0.0,
0.333,0.333,0.855,21.0,100000.0,2143.0,12.78,87.08,0.07,0.3,0.3,0.0,
0.333,0.333,0.857,17.0,100000.0,2144.0,12.8,87.18,0.07,0.3,0.3,0.0,
0.333,0.333,0.86,25.0,100000.0,2141.0,12.8,87.27,0.07,0.3,0.3,0.0,
0.333,0.333,0.862,21.0,100000.0,2149.0,12.83,87.36,0.07,0.3,0.3,0.0,
0.333,0.333,0.865,16.0,100000.0,2141.0,12.85,87.45,0.07,0.3,0.3,0.0,
0.333,0.333,0.867,23.0,100000.0,2146.0,12.87,87.55,0.07,0.3,0.3,0.0,
0.333,0.333,0.87,27.0,100000.0,2141.0,12.89,87.63,0.07,0.3,0.3,0.0,
0.333,0.333,0.873,23.0,100000.0,2147.0,12.91,87.72,0.07,0.3,0.3,0.0,
0.333,0.333,0.875,33.0,100000.0,2154.0,12.91,87.82,0.07,0.3,0.3,0.0,
0.333,0.333,0.877,23.0,100000.0,2143.0,12.94,87.91,0.07,0.3,0.3,0.0,
0.333,0.333,0.88,26.0,100000.0,2131.0,12.96,88.0,0.07,0.3,0.3,0.0,
0.333,0.333,0.882,22.0,100000.0,2146.0,12.98,88.09,0.07,0.3,0.3,0.0,
0.333,0.333,0.885,25.0,100000.0,2131.0,13.0,88.18,0.07,0.3,0.3,0.0,
0.333,0.333,0.887,24.0,100000.0,2133.0,13.02,88.27,0.07,0.3,0.3,0.0,
0.333,0.333,0.89,27.0,100000.0,2149.0,13.04,88.36,0.07,0.3,0.3,0.0,
0.333,0.333,0.892,24.0,100000.0,2148.0,13.04,88.45,0.07,0.3,0.3,0.0,
0.333,0.333,0.895,27.0,100000.0,2154.0,13.07,88.54,0.07,0.3,0.3,0.0,
0.333,0.333,0.897,25.0,100000.0,2154.0,13.09,88.63,0.07,0.3,0.3,0.0,
0.333,0.333,0.9,15.0,100000.0,2135.0,13.11,88.72,0.07,0.3,0.3,0.0,
0.333,0.333,0.903,23.0,100000.0,2154.0,13.13,88.81,0.07,0.3,0.3,0.0,
0.333,0.333,0.905,16.0,100000.0,2137.0,13.15,88.9,0.07,0.3,0.3,0.0,
0.333,0.333,0.908,25.0,100000.0,2145.0,13.17,88.99,0.07,0.3,0.3,0.0,
0.333,0.333,0.91,18.0,100000.0,2159.0,13.19,89.07,0.07,0.3,0.3,0.0,
0.333,0.333,0.913,20.0,100000.0,2125.0,13.19,89.16,0.07,0.3,0.3,0.0,
0.333,0.333,0.915,23.0,100000.0,2128.0,13.22,89.25,0.07,0.3,0.3,0.0,
0.333,0.333,0.918,21.0,100000.0,2139.0,13.24,89.34,0.07,0.3,0.3,0.0,
0.333,0.333,0.92,28.0,100000.0,2136.0,13.26,89.43,0.07,0.3,0.3,0.0,
0.333,0.333,0.923,17.0,100000.0,2140.0,13.28,89.51,0.07,0.3,0.3,0.0,
0.333,0.333,0.925,25.0,100000.0,2145.0,13.3,89.6,0.07,0.3,0.3,0.0,
0.333,0.333,0.928,23.0,100000.0,2137.0,13.32,89.68,0.07,0.3,0.3,0.0,
0.333,0.333,0.93,14.0,100000.0,2133.0,13.34,89.77,0.07,0.3,0.3,0.0,
0.333,0.333,0.933,21.0,100000.0,2125.0,13.36,89.85,0.07,0.3,0.3,0.0,
0.333,0.333,0.935,24.0,100000.0,2145.0,13.36,89.94,0.07,0.29,0.3,0.0,
0.333,0.333,0.938,32.0,100000.0,2157.0,13.39,90.03,0.07,0.29,0.3,0.0,
0.333,0.333,0.94,21.0,100000.0,2153.0,13.41,90.11,0.07,0.29,0.3,0.0,
0.333,0.333,0.942,25.0,100000.0,2145.0,13.43,90.2,0.07,0.29,0.3,0.0,
0.333,0.333,0.945,27.0,100000.0,2141.0,13.45,90.29,0.07,0.29,0.3,0.0,
0.333,0.333,0.947,19.0,100000.0,2132.0,13.47,90.37,0.07,0.29,0.3,0.0,
0.333,0.333,0.95,16.0,100000.0,2130.0,13.49,90.46,0.07,0.29,0.3,0.0,
0.333,0.333,0.952,21.0,100000.0,2137.0,13.51,90.54,0.07,0.29,0.3,0.0,
0.333,0.333,0.955,21.0,100000.0,2141.0,13.53,90.63,0.07,0.29,0.3,0.0,
0.333,0.333,0.957,25.0,100000.0,2132.0,13.55,90.71,0.07,0.29,0.3,0.0,
0.333,0.333,0.96,26.0,100000.0,2146.0,13.57,90.79,0.07,0.29,0.3,0.0,
0.333,0.333,0.962,27.0,100000.0,2144.0,13.59,90.88,0.07,0.29,0.3,0.0,
0.333,0.333,0.965,19.0,100000.0,2134.0,13.61,90.96,0.07,0.29,0.3,0.0,
0.333,0.333,0.967,16.0,100000.0,2129.0,13.61,91.04,0.07,0.29,0.3,0.0,
0.333,0.333,0.97,16.0,100000.0,2147.0,13.64,91.13,0.07,0.29,0.3,0.0,
0.333,0.333,0.972,16.0,100000.0,2149.0,13.66,91.21,0.07,0.29,0.3,0.0,
0.333,0.333,0.975,20.0,100000.0,2144.0,13.68,91.29,0.07,0.29,0.3,0.0,
0.333,0.333,0.977,20.0,100000.0,2128.0,13.7,91.38,0.07,0.29,0.3,0.0,
0.333,0.333,0.98,27.0,100000.0,2146.0,13.72,91.46,0.07,0.29,0.3,0.0,
0.333,0.333,0.982,19.0,100000.0,2143.0,13.74,91.53,0.07,0.29,0.3,0.0,
0.333,0.333,0.985,17.0,100000.0,2149.0,13.76,91.61,0.07,0.29,0.3,0.0,
0.333,0.333,0.987,19.0,100000.0,2125.0,13.78,91.7,0.07,0.29,0.3,0.0,
0.333,0.333,0.99,19.0,100000.0,2145.0,13.8,91.79,0.07,0.29,0.3,0.0,
0.333,0.333,0.992,20.0,100000.0,2144.0,13.82,91.87,0.07,0.29,0.3,0.0,
0.333,0.333,0.995,27.0,100000.0,2152.0,13.84,91.95,0.07,0.29,0.3,0.0,
0.333,0.333,0.998,21.0,100000.0,2142.0,13.86,92.02,0.07,0.29,0.3,0.0,
0.333,0.333,1.0,22.0,100000.0,2147.0,13.88,92.11,0.07,0.29,0.3,0.0,
0.333,0.333,1.003,26.0,100000.0,2141.0,13.9,92.19,0.07,0.29,0.3,0.0,
0.333,0.333,1.005,20.0,100000.0,2145.0,13.92,92.27,0.07,0.29,0.3,0.0,
0.333,0.333,1.007,24.0,100000.0,2138.0,13.94,92.34,0.07,0.29,0.3,0.0,
0.333,0.333,1.01,24.0,100000.0,2138.0,13.96,92.43,0.07,0.29,0.3,0.0,
0.333,0.333,1.013,14.0,100000.0,2132.0,13.98,92.51,0.07,0.29,0.3,0.0,
0.333,0.333,1.015,16.0,100000.0,2128.0,14.0,92.59,0.05,0.29,0.3,0.0,
0.333,0.333,1.017,31.0,100000.0,2124.0,14.02,92.67,0.05,0.29,0.3,0.0,
0.333,0.333,1.02,20.0,100000.0,2139.0,14.04,92.74,0.05,0.29,0.3,0.0,
0.333,0.333,1.023,24.0,100000.0,2156.0,14.06,92.83,0.05,0.29,0.3,0.0,
0.333,0.333,1.025,28.0,100000.0,2155.0,14.08,92.91,0.05,0.29,0.3,0.0,
0.333,0.333,1.027,22.0,100000.0,2136.0,14.1,92.99,0.05,0.29,0.3,0.0,
0.333,0.333,1.03,22.0,100000.0,2133.0,14.12,93.07,0.05,0.29,0.3,0.0,
0.333,0.333,1.033,22.0,100000.0,2142.0,14.14,93.15,0.05,0.29,0.3,0.0,
0.333,0.333,1.035,25.0,100000.0,2141.0,14.16,93.22,0.05,0.29,0.3,0.0,
0.333,0.333,1.037,24.0,100000.0,2133.0,14.18,93.3,0.05,0.29,0.3,0.0,
0.333,0.333,1.04,28.0,100000.0,2141.0,14.2,93.38,0.05,0.29,0.3,0.0,
0.333,0.333,1.043,16.0,100000.0,2132.0,14.22,93.46,0.05,0.29,0.3,0.0,
0.333,0.333,1.045,26.0,100000.0,2131.0,14.24,93.54,0.05,0.29,0.3,0.0,
0.333,0.333,1.048,26.0,100000.0,2156.0,14.26,93.61,0.05,0.29,0.3,0.0,
0.333,0.333,1.05,25.0,100000.0,2135.0,14.28,93.69,0.05,0.29,0.3,0.0,
0.333,0.333,1.053,16.0,100000.0,2140.0,14.3,93.77,0.05,0.29,0.3,0.0,
0.333,0.333,1.055,15.0,100000.0,2147.0,14.32,93.85,0.05,0.29,0.3,0.0,
0.333,0.333,1.058,26.0,100000.0,2149.0,14.34,93.92,0.05,0.29,0.3,0.0,
0.333,0.333,1.06,16.0,100000.0,2133.0,14.36,94.0,0.05,0.29,0.3,0.0,
0.333,0.333,1.062,22.0,100000.0,2141.0,14.38,94.07,0.05,0.29,0.3,0.0,
0.333,0.333,1.065,27.0,100000.0,2144.0,14.4,94.15,0.05,0.29,0.3,0.0,
0.333,0.333,1.067,20.0,100000.0,2154.0,14.42,94.23,0.05,0.29,0.3,0.0,
0.333,0.333,1.07,22.0,100000.0,2154.0,14.44,94.3,0.05,0.29,0.3,0.0,
0.333,0.333,1.072,24.0,100000.0,2144.0,14.46,94.38,0.05,0.29,0.3,0.0,
0.333,0.333,1.075,18.0,100000.0,2147.0,14.48,94.45,0.05,0.29,0.3,0.0,
0.333,0.333,1.077,15.0,100000.0,2132.0,14.5,94.53,0.05,0.29,0.3,0.0,
0.333,0.333,1.08,20.0,100000.0,2157.0,14.52,94.6,0.05,0.29,0.3,0.0,
0.333,0.333,1.082,12.0,100000.0,2136.0,14.54,94.67,0.05,0.29,0.3,0.0,
0.333,0.333,1.085,33.0,100000.0,2134.0,14.56,94.75,0.05,0.29,0.3,0.0,
0.333,0.333,1.087,23.0,100000.0,2140.0,14.58,94.83,0.05,0.29,0.3,0.0,
0.333,0.333,1.09,28.0,100000.0,2137.0,14.6,94.9,0.05,0.29,0.3,0.0,
0.333,0.333,1.092,25.0,100000.0,2145.0,14.62,94.98,0.05,0.29,0.3,0.0,
0.333,0.333,1.095,27.0,100000.0,2135.0,14.64,95.05,0.05,0.29,0.3,0.0,
0.333,0.333,1.097,21.0,100000.0,2134.0,14.66,95.13,0.05,0.29,0.3,0.0,
0.333,0.333,1.1,19.0,100000.0,2144.0,14.68,95.2,0.05,0.29,0.3,0.0,
0.333,0.333,1.102,24.0,100000.0,2129.0,14.7,95.27,0.05,0.29,0.3,0.0,
0.333,0.333,1.105,27.0,100000.0,2152.0,14.72,95.35,0.05,0.29,0.3,0.0,
0.333,0.333,1.107,20.0,100000.0,2142.0,14.74,95.42,0.05,0.29,0.3,0.0,
0.333,0.333,1.11,24.0,100000.0,2144.0,14.77,95.49,0.05,0.29,0.3,0.0,
0.333,0.333,1.112,30.0,100000.0,2141.0,14.79,95.57,0.05,0.29,0.3,0.0,
0.333,0.333,1.115,26.0,100000.0,2147.0,14.81,95.64,0.05,0.29,0.3,0.0,
0.333,0.333,1.118,15.0,100000.0,2141.0,14.83,95.71,0.05,0.29,0.3,0.0,
0.333,0.333,1.12,33.0,100000.0,2139.0,14.85,95.79,0.05,0.29,0.3,0.0,
0.333,0.333,1.122,26.0,100000.0,2147.0,14.87,95.86,0.05,0.29,0.3,0.0,
0.333,0.333,1.125,24.0,100000.0,2137.0,14.89,95.93,0.05,0.29,0.3,0.0,
0.333,0.333,1.128,24.0,100000.0,2143.0,14.91,96.0,0.05,0.29,0.3,0.0,
0.333,0.333,1.13,28.0,100000.0,2134.0,14.93,96.07,0.05,0.29,0.3,0.0,
0.333,0.333,1.132,16.0,100000.0,2143.0,14.95,96.14,0.05,0.29,0.3,0.0,
0.333,0.333,1.135,17.0,100000.0,2147.0,14.97,96.22,0.05,0.29,0.3,0.0,
0.333,0.333,1.138,17.0,100000.0,2143.0,14.99,96.29,0.05,0.29,0.3,0.0,
0.333,0.333,1.14,21.0,100000.0,2143.0,15.01,96.36,0.05,0.29,0.3,0.0,
0.333,0.333,1.142,27.0,100000.0,2143.0,15.03,96.43,0.05,0.29,0.3,0.0,
0.333,0.333,1.145,22.0,100000.0,2151.0,15.05,96.5,0.05,0.29,0.3,0.0,
0.333,0.333,1.148,20.0,100000.0,2138.0,15.08,96.57,0.05,0.29,0.3,0.0,
0.333,0.333,1.15,31.0,100000.0,2132.0,15.1,96.64,0.05,0.29,0.3,0.0,
0.333,0.333,1.152,28.0,100000.0,2153.0,15.12,96.71,0.05,0.29,0.3,0.0,
0.333,0.333,1.155,30.0,100000.0,2132.0,15.14,96.78,0.05,0.29,0.3,0.0,
0.333,0.333,1.158,28.0,100000.0,2149.0,15.16,96.85,0.05,0.29,0.3,0.0,
0.333,0.333,1.16,35.0,100000.0,2150.0,15.18,96.92,0.05,0.29,0.3,0.0,
0.333,0.333,1.162,38.0,100000.0,2131.0,15.2,96.99,0.05,0.29,0.3,0.0,
0.333,0.333,1.165,52.0,100000.0,2146.0,15.22,97.06,0.05,0.29,0.3,0.0,
0.333,0.333,1.168,85.0,100000.0,2131.0,15.24,97.13,0.05,0.29,0.3,0.0,
0.333,0.333,1.17,106.0,100000.0,2138.0,15.26,97.2,0.05,0.29,0.3,0.0,
0.333,0.333,1.173,149.0,100000.0,2147.0,15.28,97.27,0.05,0.29,0.3,0.0,
0.333,0.333,1.175,183.0,100000.0,2143.0,15.31,97.34,0.05,0.29,0.3,0.0,
0.333,0.333,1.178,201.0,100000.0,2148.0,15.33,97.41,0.05,0.29,0.3,0.0,
0.333,0.333,1.18,210.0,100000.0,2148.0,15.35,97.48,0.05,0.29,0.3,0.0,
0.333,0.333,1.183,265.0,100000.0,2138.0,15.37,97.54,0.05,0.29,0.3,0.0,
0.333,0.333,1.185,236.0,100000.0,2145.0,15.39,97.61,0.05,0.29,0.3,0.0,
0.333,0.333,1.188,210.0,100000.0,2148.0,15.41,97.68,0.05,0.29,0.3,0.0,
0.333,0.333,1.19,209.0,100000.0,2141.0,15.43,97.75,0.05,0.29,0.3,0.0,
0.333,0.333,1.192,161.0,100000.0,2142.0,15.45,97.82,0.05,0.29,0.3,0.0,
0.333,0.333,1.195,149.0,100000.0,2126.0,15.47,97.89,0.05,0.29,0.3,0.0,
0.333,0.333,1.197,94.0,100000.0,2135.0,15.5,97.95,0.05,0.29,0.3,0.0,
0.333,0.333,1.2,85.0,100000.0,2135.0,15.52,98.02,0.05,0.29,0.3,0.0,
0.333,0.333,1.202,46.0,100000.0,2146.0,15.54,98.09,0.05,0.29,0.3,0.0,
0.333,0.333,1.205,45.0,100000.0,2142.0,15.56,98.16,0.05,0.29,0.3,0.0,
0.333,0.333,1.207,29.0,100000.0,2139.0,15.58,98.22,0.05,0.29,0.3,0.0,
0.333,0.333,1.21,30.0,100000.0,2149.0,15.6,98.29,0.05,0.29,0.3,0.0,
0.333,0.333,1.212,18.0,100000.0,2124.0,15.62,98.36,0.05,0.29,0.3,0.0,
0.333,0.333,1.215,27.0,100000.0,2147.0,15.64,98.42,0.05,0.29,0.3,0.0,
0.333,0.333,1.217,21.0,100000.0,2151.0,15.67,98.49,0.05,0.29,0.3,0.0,
0.333,0.333,1.22,26.0,100000.0,2155.0,15.69,98.56,0.05,0.29,0.3,0.0,
0.333,0.333,1.222,31.0,100000.0,2131.0,15.71,98.62,0.05,0.29,0.3,0.0,
0.333,0.333,1.225,23.0,100000.0,2124.0,15.73,98.69,0.05,0.29,0.3,0.0,
0.333,0.333,1.227,25.0,100000.0,2136.0,15.75,98.75,0.05,0.29,0.3,0.0,
0.333,0.333,1.23,32.0,100000.0,2138.0,15.77,98.82,0.05,0.29,0.3,0.0,
0.333,0.333,1.232,17.0,100000.0,2130.0,15.79,98.89,0.05,0.29,0.3,0.0,
0.333,0.333,1.235,21.0,100000.0,2140.0,15.81,98.95,0.05,0.29,0.3,0.0,
0.333,0.333,1.237,23.0,100000.0,2147.0,15.84,99.02,0.05,0.29,0.3,0.0,
0.333,0.333,1.24,27.0,100000.0,2142.0,15.86,99.08,0.05,0.29,0.3,0.0,
0.333,0.333,1.243,16.0,100000.0,2150.0,15.88,99.15,0.03,0.29,0.3,0.0,
0.333,0.333,1.245,17.0,100000.0,2138.0,15.9,99.21,0.03,0.29,0.3,0.0,
0.333,0.333,1.247,27.0,100000.0,2146.0,15.92,99.28,0.03,0.29,0.3,0.0,
0.333,0.333,1.25,30.0,100000.0,2132.0,15.94,99.34,0.03,0.29,0.3,0.0,
0.333,0.333,1.253,18.0,100000.0,2161.0,15.97,99.41,0.03,0.29,0.3,0.0,
0.333,0.333,1.255,27.0,100000.0,2142.0,15.99,99.47,0.03,0.29,0.3,0.0,
0.333,0.333,1.257,24.0,100000.0,2119.0,16.01,99.53,0.03,0.29,0.3,0.0,
0.333,0.333,1.26,17.0,100000.0,2139.0,16.03,99.6,0.03,0.29,0.3,0.0,
0.333,0.333,1.263,26.0,100000.0,2132.0,16.05,99.66,0.03,0.29,0.3,0.0,
0.333,0.333,1.265,26.0,100000.0,2141.0,16.07,99.73,0.03,0.29,0.3,0.0,
0.333,0.333,1.267,25.0,100000.0,2136.0,16.09,99.79,0.03,0.29,0.3,0.0,
0.333,0.333,1.27,18.0,100000.0,2150.0,16.12,99.85,0.03,0.29,0.3,0.0,
0.333,0.333,1.273,17.0,100000.0,2136.0,16.14,99.92,0.03,0.29,0.3,0.0,
0.333,0.333,1.275,29.0,100000.0,2131.0,16.16,99.98,0.03,0.29,0.3,0.0,
0.333,0.333,1.277,24.0,100000.0,2131.0,16.18,100.04,0.03,0.29,0.3,0.0,
0.333,0.333,1.28,24.0,100000.0,2152.0,16.2,100.11,0.03,0.29,0.3,0.0,
0.333,0.333,1.283,21.0,100000.0,2150.0,16.22,100.17,0.03,0.29,0.3,0.0,
0.333,0.333,1.285,24.0,100000.0,2142.0,16.25,100.23,0.03,0.29,0.3,0.0,
0.333,0.333,1.287,25.0,100000.0,2154.0,16.27,100.3,0.03,0.29,0.3,0.0,
0.333,0.333,1.29,25.0,100000.0,2157.0,16.29,100.36,0.03,0.29,0.3,0.0,
0.333,0.333,1.293,27.0,100000.0,2139.0,16.31,100.42,0.03,0.29,0.3,0.0,
0.333,0.333,1.295,19.0,100000.0,2136.0,16.33,100.48,0.03,0.29,0.3,0.0,
0.333,0.333,1.297,23.0,100000.0,2137.0,16.35,100.55,0.03,0.29,0.3,0.0,
0.333,0.333,1.3,19.0,100000.0,2140.0,16.38,100.61,0.03,0.29,0.3,0.0,
0.333,0.333,1.303,24.0,100000.0,2147.0,16.4,100.67,0.03,0.29,0.3,0.0,
0.333,0.333,1.305,43.0,100000.0,2142.0,16.42,100.73,0.03,0.29,0.3,0.0,
0.333,0.333,1.308,28.0,100000.0,2140.0,16.44,100.79,0.03,0.29,0.3,0.0,
0.333,0.333,1.31,27.0,100000.0,2149.0,16.46,100.85,0.03,0.29,0.3,0.0,
0.333,0.333,1.312,19.0,100000.0,2152.0,16.49,100.92,0.03,0.29,0.3,0.0,
0.333,0.333,1.315,24.0,100000.0,2133.0,16.51,100.98,0.03,0.29,0.3,0.0,
0.333,0.333,1.317,21.0,100000.0,2143.0,16.53,101.04,0.03,0.29,0.3,0.0,
0.333,0.333,1.32,21.0,100000.0,2150.0,16.55,101.1,0.03,0.29,0.3,0.0,
0.333,0.333,1.322,19.0,100000.0,2139.0,16.57,101.16,0.03,0.29,0.3,0.0,
0.333,0.333,1.325,28.0,100000.0,2138.0,16.59,101.22,0.03,0.29,0.3,0.0,
0.333,0.333,1.327,26.0,100000.0,2147.0,16.62,101.28,0.03,0.3,0.3,0.0,
0.333,0.333,1.33,27.0,100000.0,2140.0,16.64,101.34,0.03,0.3,0.3,0.0,
0.333,0.333,1.332,16.0,100000.0,2146.0,16.66,101.4,0.03,0.3,0.3,0.0,
0.333,0.333,1.335,24.0,100000.0,2134.0,16.68,101.46,0.03,0.3,0.3,0.0,
0.333,0.333,1.337,24.0,100000.0,2142.0,16.7,101.52,0.03,0.3,0.3,0.0,
0.333,0.333,1.34,24.0,100000.0,2137.0,16.73,101.58,0.03,0.3,0.3,0.0,
0.333,0.333,1.342,15.0,100000.0,2139.0,16.75,101.64,0.03,0.3,0.3,0.0,
0.333,0.333,1.345,29.0,100000.0,2144.0,16.77,101.7,0.03,0.3,0.3,0.0,
0.333,0.333,1.347,27.0,100000.0,2132.0,16.79,101.76,0.03,0.3,0.3,0.0,
0.333,0.333,1.35,17.0,100000.0,2135.0,16.81,101.82,0.03,0.3,0.3,0.0,
0.333,0.333,1.352,26.0,100000.0,2155.0,16.84,101.88,0.03,0.3,0.3,0.0,
0.333,0.333,1.355,30.0,100000.0,2141.0,16.86,101.94,0.03,0.3,0.3,0.0,
0.333,0.333,1.357,23.0,100000.0,2154.0,16.88,102.0,0.03,0.3,0.3,0.0,
0.333,0.333,1.36,27.0,100000.0,2128.0,16.9,102.06,0.03,0.3,0.3,0.0,
0.333,0.333,1.362,23.0,100000.0,2152.0,16.92,102.12,0.03,0.3,0.3,0.0,
0.333,0.333,1.365,20.0,100000.0,2146.0,16.95,102.18,0.03,0.3,0.3,0.0,
0.333,0.333,1.368,26.0,100000.0,2139.0,16.97,102.24,0.03,0.3,0.3,0.0,
0.333,0.333,1.37,24.0,100000.0,2137.0,16.99,102.29,0.03,0.3,0.3,0.0,
0.333,0.333,1.372,19.0,100000.0,2127.0,17.01,102.35,0.03,0.3,0.3,0.0,
0.333,0.333,1.375,21.0,100000.0,2143.0,17.04,102.41,0.03,0.3,0.3,0.0,
0.333,0.333,1.378,19.0,100000.0,2136.0,17.06,102.47,0.03,0.3,0.3,0.0,
0.333,0.333,1.38,24.0,100000.0,2145.0,17.08,102.53,0.03,0.3,0.3,0.0,
0.333,0.333,1.382,19.0,100000.0,2140.0,17.1,102.59,0.03,0.3,0.3,0.0,
0.333,0.333,1.385,18.0,100000.0,2143.0,17.12,102.64,0.03,0.3,0.3,0.0,
0.333,0.333,1.388,31.0,100000.0,2144.0,17.15,102.7,0.03,0.3,0.3,0.0,
0.333,0.333,1.39,20.0,100000.0,2147.0,17.17,102.76,0.03,0.3,0.3,0.0,
0.333,0.333,1.392,25.0,100000.0,2147.0,17.19,102.82,0.03,0.3,0.3,0.0,
0.333,0.333,1.395,27.0,100000.0,2146.0,17.21,102.87,0.03,0.3,0.3,0.0,
0.333,0.333,1.398,26.0,100000.0,2148.0,17.24,102.93,0.03,0.3,0.3,0.0,
0.333,0.333,1.4,31.0,100000.0,2138.0,17.26,102.99,0.03,0.3,0.3,0.0,
0.333,0.333,1.402,30.0,100000.0,2140.0,17.28,103.05,0.03,0.3,0.3,0.0,
0.333,0.333,1.405,26.0,100000.0,2137.0,17.3,103.1,0.03,0.3,0.3,0.0,
0.333,0.333,1.408,28.0,100000.0,2143.0,17.32,103.16,0.03,0.3,0.3,0.0,
0.333,0.333,1.41,23.0,100000.0,2154.0,17.35,103.22,0.03,0.3,0.3,0.0,
0.333,0.333,1.412,19.0,100000.0,2138.0,17.37,103.27,0.03,0.3,0.3,0.0,
0.333,0.333,1.415,21.0,100000.0,2131.0,17.39,103.33,0.03,0.3,0.3,0.0,
0.333,0.333,1.418,21.0,100000.0,2129.0,17.41,103.39,0.03,0.3,0.3,0.0,
0.333,0.333,1.42,19.0,100000.0,2137.0,17.44,103.44,0.03,0.3,0.3,0.0,
0.333,0.333,1.422,26.0,100000.0,2138.0,17.46,103.5,0.03,0.3,0.3,0.0,
0.333,0.333,1.425,28.0,100000.0,2150.0,17.48,103.55,0.03,0.3,0.3,0.0,
0.333,0.333,1.428,32.0,100000.0,2155.0,17.5,103.61,0.03,0.3,0.3,0.0,
0.333,0.333,1.43,21.0,100000.0,2149.0,17.53,103.67,0.03,0.3,0.3,0.0,
0.333,0.333,1.433,32.0,100000.0,2138.0,17.55,103.72,0.03,0.3,0.3,0.0,
0.333,0.333,1.435,22.0,100000.0,2138.0,17.57,103.78,0.03,0.3,0.3,0.0,
0.333,0.333,1.438,25.0,100000.0,2136.0,17.59,103.83,0.03,0.3,0.3,0.0,
0.333,0.333,1.44,24.0,100000.0,2143.0,17.62,103.89,0.03,0.3,0.3,0.0,
0.333,0.333,1.442,27.0,100000.0,2144.0,17.64,103.94,0.03,0.3,0.3,0.0,
0.333,0.333,1.445,27.0,100000.0,2143.0,17.66,104.0,0.03,0.3,0.3,0.0,
0.333,0.333,1.447,25.0,100000.0,2134.0,17.68,104.05,0.03,0.3,0.3,0.0,
0.333,0.333,1.45,25.0,100000.0,2149.0,17.71,104.11,0.03,0.3,0.3,0.0,
0.333,0.333,1.452,24.0,100000.0,2150.0,17.73,104.16,0.03,0.3,0.3,0.0,
0.333,0.333,1.455,28.0,100000.0,2139.0,17.75,104.22,0.03,0.3,0.3,0.0,
0.333,0.333,1.457,19.0,100000.0,2156.0,17.77,104.27,0.03,0.3,0.3,0.0,
0.333,0.333,1.46,15.0,100000.0,2129.0,17.8,104.33,0.03,0.3,0.3,0.0,
0.333,0.333,1.462,31.0,100000.0,2136.0,17.82,104.38,0.03,0.3,0.3,0.0,
0.333,0.333,1.465,27.0,100000.0,2137.0,17.84,104.44,0.03,0.3,0.3,0.0,
0.333,0.333,1.467,24.0,100000.0,2147.0,17.86,104.49,0.03,0.3,0.3,0.0,
0.333,0.333,1.47,27.0,100000.0,2149.0,17.89,104.55,0.03,0.3,0.3,0.0,
0.333,0.333,1.472,28.0,100000.0,2136.0,17.91,104.6,0.01,0.3,0.3,0.0,
0.333,0.333,1.475,23.0,100000.0,2141.0,17.93,104.65,0.01,0.3,0.3,0.0,
0.333,0.333,1.477,25.0,100000.0,2150.0,17.95,104.71,0.01,0.3,0.3,0.0,
0.333,0.333,1.48,21.0,100000.0,2140.0,17.98,104.76,0.01,0.3,0.3,0.0,
0.333,0.333,1.482,25.0,100000.0,2137.0,18.0,104.82,0.01,0.3,0.3,0.0,
0.333,0.333,1.485,22.0,100000.0,2140.0,18.02,104.87,0.01,0.3,0.3,0.0,
0.333,0.333,1.487,23.0,100000.0,2152.0,18.04,104.92,0.01,0.3,0.3,0.0,
0.333,0.333,1.49,16.0,100000.0,2141.0,18.07,104.98,0.01,0.3,0.3,0.0,
0.333,0.333,1.493,17.0,100000.0,2142.0,18.09,105.03,0.01,0.3,0.3,0.0,
0.333,0.333,1.495,23.0,100000.0,2141.0,18.11,105.08,0.01,0.3,0.3,0.0,
0.333,0.333,1.497,23.0,100000.0,2146.0,18.14,105.14,0.01,0.3,0.3,0.0,
0.333,0.333,1.5,14.0,100000.0,2144.0,18.16,105.19,0.01,0.3,0.3,0.0,
