   0.333   0.333   0.500        13    100000      2128    10.52    71.38     0.11     0.60     0.60     2.40
   0.333   0.333   0.502        22    100000      2141    10.53    71.50     0.11     0.62     0.60     2.40
   0.333   0.333   0.505        22    100000      2127    10.55    71.64     0.11     0.62     0.60     2.40
   0.333   0.333   0.507        18    100000      2137    10.57    71.77     0.11     0.62     0.60     2.40
   0.333   0.333   0.510        26    100000      2127    10.57    71.90     0.11     0.62     0.60     2.40
   0.333   0.333   0.512        23    100000      2136    10.59    72.03     0.11     0.62     0.60     2.40
   0.333   0.333   0.515        21    100000      2148    10.61    72.15     0.11     0.62     0.60     2.40
   0.333   0.333   0.517        25    100000      2123    10.61    72.27     0.11     0.60     0.60     2.40
   0.333   0.333   0.520        19    100000      2138    10.63    72.40     0.11     0.59     0.60     2.40
   0.333   0.333   0.522        20    100000      2144    10.65    72.53     0.11     0.59     0.60     2.40
   0.333   0.333   0.525        24    100000      2127    10.65    72.67     0.11     0.60     0.60     2.40
   0.333   0.333   0.527        28    100000      2137    10.67    72.79     0.11     0.60     0.60     2.40
   0.333   0.333   0.530        23    100000      2140    10.69    72.92     0.11     0.59     0.60     2.40
   0.333   0.333   0.533        22    100000      2143    10.69    73.04     0.11     0.59     0.60     2.40
   0.333   0.333   0.535        29    100000      2157    10.71    73.17     0.11     0.59     0.60     2.40
   0.333   0.333   0.538        18    100000      2144    10.73    73.29     0.11     0.59     0.60     2.40
   0.333   0.333   0.540        24    100000      2147    10.73    73.41     0.11     0.60     0.60     2.40
   0.333   0.333   0.543        31    100000      2149    10.75    73.55     0.11     0.60     0.60     2.40
   0.333   0.333   0.545        22    100000      2135    10.77    73.67     0.11     0.60     0.60     2.40
   0.333   0.333   0.548        19    100000      2140    10.77    73.79     0.11     0.60     0.60     2.40
   0.333   0.333   0.550        14    100000      2143    10.80    73.91     0.11     0.60     0.60     2.40
   0.333   0.333   0.553        26    100000      2124    10.80    74.04     0.11     0.60     0.60     2.40
   0.333   0.333   0.555        25    100000      2129    10.82    74.17     0.11     0.60     0.60     2.40
   0.333   0.333   0.558        19    100000      2147    10.84    74.29     0.09     0.60     0.60     2.40
   0.333   0.333   0.560        26    100000      2148    10.84    74.41     0.09     0.60     0.60     2.40
   0.333   0.333   0.562        23    100000      2142    10.87    74.53     0.09     0.60     0.60     2.40
   0.333   0.333   0.565        21    100000      2134    10.87    74.65     0.09     0.60     0.60     2.40
   0.333   0.333   0.567        25    100000      2123    10.89    74.78     0.09     0.60     0.60     2.40
   0.333   0.333   0.570        23    100000      2133    10.91    74.90     0.09     0.60     0.60     2.40
   0.333   0.333   0.572        23    100000      2135    10.91    75.02     0.09     0.60     0.60     2.40
   0.333   0.333   0.575        20    100000      2139    10.94    75.14     0.09     0.60     0.60     2.40
   0.333   0.333   0.577        34    100000      2143    10.94    75.27     0.09     0.60     0.60     2.40
   0.333   0.333   0.580        16    100000      2140    10.96    75.39     0.09     0.60     0.60     2.40
   0.333   0.333   0.582        24    100000      2144    10.98    75.51     0.09     0.60     0.60     2.40
   0.333   0.333   0.585        33    100000      2130    10.98    75.63     0.09     0.60     0.60     2.40
   0.333   0.333   0.587        27    100000      2144    11.01    75.75     0.09     0.60     0.60     2.40
   0.333   0.333   0.590        19    100000      2138    11.01    75.87     0.09     0.60     0.60     2.40
   0.333   0.333   0.592        18    100000      2129    11.04    75.99     0.09     0.60     0.60     2.40
   0.333   0.333   0.595        20    100000      2133    11.04    76.11     0.09     0.60     0.60     2.40
   0.333   0.333   0.597        18    100000      2140    11.07    76.23     0.09     0.60     0.60     2.40
   0.333   0.333   0.600        18    100000      2133    11.07    76.35     0.09     0.60     0.60     2.40
   0.333   0.333   0.603        18    100000      2130    11.10    76.46     0.09     0.60     0.60     2.40
   0.333   0.333   0.605        18    100000      2131    11.10    76.58     0.09     0.59     0.60     2.40
   0.333   0.333   0.608        26    100000      2134    11.13    76.70     0.09     0.59     0.60     2.40
   0.333   0.333   0.610        19    100000      2129    11.13    76.82     0.09     0.60     0.60     2.40
   0.333   0.333   0.613        32    100000      2119    11.16    76.94     0.09     0.60     0.60     2.40
   0.333   0.333   0.615        18    100000      2138    11.16    77.05     0.09     0.60     0.60     2.40
   0.333   0.333   0.618        19    100000      2138    11.19    77.17     0.09     0.60     0.60     2.40
   0.333   0.333   0.620        22    100000      2138    11.19    77.28     0.09     0.60     0.60     2.40
   0.333   0.333   0.623        20    100000      2138    11.22    77.40     0.09     0.60     0.60     2.40
   0.333   0.333   0.625        29    100000      2142    11.22    77.52     0.09     0.59     0.60     2.40
   0.333   0.333   0.627        23    100000      2138    11.25    77.63     0.09     0.59     0.60     2.40
   0.333   0.333   0.630        31    100000      2155    11.25    77.75     0.09     0.59     0.60     2.40
   0.333   0.333   0.632        19    100000      2142    11.28    77.86     0.09     0.60     0.60     2.40
   0.333   0.333   0.635        29    100000      2133    11.28    77.98     0.09     0.60     0.60     2.40
   0.333   0.333   0.637        21    100000      2153    11.31    78.09     0.09     0.59     0.60     2.40
   0.333   0.333   0.640        27    100000      2139    11.31    78.21     0.09     0.59     0.60     2.40
   0.333   0.333   0.642        25    100000      2135    11.34    78.31     0.09     0.60     0.60     2.40
   0.333   0.333   0.645        37    100000      2119    11.34    78.44     0.09     0.60     0.60     2.40
   0.333   0.333   0.647        23    100000      2133    11.37    78.55     0.09     0.60     0.60     2.40
   0.333   0.333   0.650        17    100000      2134    11.37    78.66     0.09     0.60     0.60     2.40
   0.333   0.333   0.653        32    100000      2138    11.40    78.78     0.09     0.59     0.60     2.40
   0.333   0.333   0.655        20    100000      2132    11.42    78.89     0.09     0.59     0.60     2.40
   0.333   0.333   0.658        32    100000      2133    11.42    79.00     0.09     0.60     0.60     2.40
   0.333   0.333   0.660        20    100000      2144    11.45    79.10     0.09     0.60     0.60     2.40
   0.333   0.333   0.663        13    100000      2124    11.45    79.23     0.09     0.60     0.60     2.40
   0.333   0.333   0.665        30    100000      2139    11.48    79.34     0.09     0.60     0.60     2.40
   0.333   0.333   0.668        26    100000      2112    11.48    79.45     0.09     0.60     0.60     2.40
   0.333   0.333   0.670        17    100000      2149    11.51    79.55     0.09     0.60     0.60     2.40
   0.333   0.333   0.673        31    100000      2147    11.53    79.67     0.09     0.60     0.60     2.40
   0.333   0.333   0.675        14    100000      2154    11.53    79.78     0.09     0.60     0.60     2.40
   0.333   0.333   0.678        28    100000      2156    11.56    79.89     0.09     0.60     0.60     2.40
   0.333   0.333   0.680        23    100000      2147    11.56    79.99     0.09     0.60     0.60     2.40
   0.333   0.333   0.683        28    100000      2120    11.59    80.10     0.09     0.60     0.60     2.40
   0.333   0.333   0.685        25    100000      2130    11.61    80.21     0.09     0.60     0.60     2.40
   0.333   0.333   0.688        26    100000      2151    11.61    80.33     0.09     0.60     0.60     2.40
   0.333   0.333   0.690        23    100000      2127    11.64    80.44     0.09     0.60     0.60     2.40
   0.333   0.333   0.692        20    100000      2131    11.64    80.55     0.09     0.60     0.60     2.40
   0.333   0.333   0.695        17    100000      2124    11.67    80.65     0.09     0.60     0.60     2.40
   0.333   0.333   0.697        21    100000      2124    11.69    80.77     0.09     0.60     0.60     2.40
   0.333   0.333   0.700        23    100000      2143    11.69    80.87     0.09     0.60     0.60     2.40
   0.333   0.333   0.702        23    100000      2149    11.72    80.98     0.09     0.60     0.60     2.40
   0.333   0.333   0.705        15    100000      2131    11.74    81.09     0.09     0.60     0.60     2.40
   0.333   0.333   0.707        27    100000      2130    11.74    81.19     0.09     0.60     0.60     2.40
   0.333   0.333   0.710        32    100000      2125    11.77    81.29     0.09     0.60     0.60     2.40
   0.333   0.333   0.712        22    100000      2144    11.79    81.41     0.09     0.60     0.60     2.40
   0.333   0.333   0.715        25    100000      2145    11.79    81.51     0.09     0.60     0.60     2.40
   0.333   0.333   0.717        22    100000      2119    11.82    81.62     0.09     0.60     0.60     2.40
   0.333   0.333   0.720        27    100000      2123    11.82    81.73     0.09     0.60     0.60     2.40
   0.333   0.333   0.722        23    100000      2141    11.85    81.83     0.09     0.60     0.60     2.40
   0.333   0.333   0.725        21    100000      2133    11.87    81.93     0.09     0.60     0.60     2.40
   0.333   0.333   0.727        26    100000      2140    11.87    82.05     0.09     0.60     0.60     2.40
   0.333   0.333   0.730        11    100000      2138    11.90    82.14     0.09     0.60     0.60     2.40
   0.333   0.333   0.733        20    100000      2140    11.92    82.25     0.09     0.61     0.60     2.40
   0.333   0.333   0.735        26    100000      2139    11.92    82.36     0.09     0.61     0.60     2.40
   0.333   0.333   0.738        26    100000      2138    11.95    82.46     0.09     0.61     0.60     2.40
   0.333   0.333   0.740        26    100000      2140    11.97    82.57     0.09     0.61     0.60     2.40
   0.333   0.333   0.743        22    100000      2125    11.99    82.67     0.09     0.60     0.60     2.40
   0.333   0.333   0.745        22    100000      2151    11.99    82.77     0.09     0.60     0.60     2.40
   0.333   0.333   0.748        24    100000      2144    12.02    82.88     0.09     0.60     0.60     2.40
   0.333   0.333   0.750        29    100000      2135    12.04    82.98     0.09     0.60     0.60     2.40
   0.333   0.333   0.752        21    100000      2131    12.04    83.08     0.09     0.60     0.60     2.40
   0.333   0.333   0.755        21    100000      2153    12.07    83.18     0.09     0.60     0.60     2.40
   0.333   0.333   0.757        18    100000      2143    12.09    83.29     0.09     0.60     0.60     2.40
   0.333   0.333   0.760        30    100000      2132    12.09    83.39     0.09     0.60     0.60     2.40
   0.333   0.333   0.762        27    100000      2136    12.12    83.49     0.09     0.60     0.60     2.40
   0.333   0.333   0.765        19    100000      2145    12.14    83.59     0.09     0.60     0.60     2.40
   0.333   0.333   0.767        22    100000      2140    12.16    83.69     0.09     0.60     0.60     2.40
   0.333   0.333   0.770        29    100000      2130    12.16    83.79     0.09     0.60     0.60     2.40
   0.333   0.333   0.773        23    100000      2137    12.19    83.89     0.09     0.60     0.60     2.40
   0.333   0.333   0.775        29    100000      2139    12.21    83.99     0.09     0.60     0.60     2.40
   0.333   0.333   0.778        33    100000      2134    12.21    84.09     0.09     0.60     0.60     2.40
   0.333   0.333   0.780        20    100000      2135    12.24    84.19     0.09     0.60     0.60     2.40
   0.333   0.333   0.783        21    100000      2123    12.26    84.29     0.09     0.60     0.60     2.40
   0.333   0.333   0.785        25    100000      2135    12.28    84.39     0.07     0.60     0.60     2.40
   0.333   0.333   0.788        13    100000      2137    12.28    84.49     0.07     0.61     0.60     2.40
   0.333   0.333   0.790        22    100000      2139    12.31    84.59     0.07     0.61     0.60     2.40
   0.333   0.333   0.793        20    100000      2143    12.33    84.69     0.07     0.61     0.60     2.40
   0.333   0.333   0.795        26    100000      2137    12.35    84.79     0.07     0.61     0.60     2.40
   0.333   0.333   0.798        22    100000      2138    12.35    84.89     0.07     0.61     0.60     2.40
   0.333   0.333   0.800        24    100000      2126    12.38    84.99     0.07     0.61     0.60     2.40
   0.333   0.333   0.803        19    100000      2146    12.40    85.09     0.07     0.60     0.60     2.40
   0.333   0.333   0.805        33    100000      2140    12.42    85.17     0.07     0.60     0.60     2.40
   0.333   0.333   0.808        28    100000      2149    12.44    85.27     0.07     0.60     0.60     2.40
   0.333   0.333   0.810        30    100000      2131    12.44    85.38     0.07     0.60     0.60     2.40
   0.333   0.333   0.812        18    100000      2123    12.47    85.47     0.07     0.60     0.60     2.40
   0.333   0.333   0.815        23    100000      2137    12.49    85.57     0.07     0.60     0.60     2.40
   0.333   0.333   0.817        16    100000      2143    12.51    85.67     0.07     0.60     0.60     2.40
   0.333   0.333   0.820        23    100000      2123    12.51    85.76     0.07     0.60     0.60     2.40
   0.333   0.333   0.822        31    100000      2136    12.54    85.86     0.07     0.60     0.60     2.40
   0.333   0.333   0.825        23    100000      2143    12.56    85.95     0.07     0.60     0.60     2.40
   0.333   0.333   0.827        16    100000      2133    12.58    86.05     0.07     0.60     0.60     2.40
   0.333   0.333   0.830        31    100000      2135    12.60    86.14     0.07     0.60     0.60     2.40
   0.333   0.333   0.832        24    100000      2136    12.60    86.24     0.07     0.60     0.60     2.40
   0.333   0.333   0.835        31    100000      2124    12.63    86.33     0.07     0.60     0.60     2.40
   0.333   0.333   0.837        19    100000      2133    12.65    86.43     0.07     0.60     0.60     2.40
   0.333   0.333   0.840        16    100000      2137    12.67    86.52     0.07     0.60     0.60     2.40
   0.333   0.333   0.842        16    100000      2147    12.69    86.62     0.07     0.61     0.60     2.40
   0.333   0.333   0.845        31    100000      2134    12.69    86.71     0.07     0.61     0.60     2.40
   0.333   0.333   0.847        23    100000      2137    12.72    86.80     0.07     0.61     0.60     2.40
   0.333   0.333   0.850        24    100000      2151    12.74    86.90     0.07     0.61     0.60     2.40
   0.333   0.333   0.852        19    100000      2140    12.76    86.99     0.07     0.61     0.60     2.40
   0.333   0.333   0.855        29    100000      2151    12.78    87.08     0.07     0.61     0.60     2.40
   0.333   0.333   0.857        23    100000      2137    12.80    87.18     0.07     0.61     0.60     2.40
   0.333   0.333   0.860        27    100000      2145    12.80    87.27     0.07     0.60     0.60     2.40
   0.333   0.333   0.862        22    100000      2146    12.83    87.36     0.07     0.60     0.60     2.40
   0.333   0.333   0.865        27    100000      2145    12.85    87.45     0.07     0.60     0.60     2.40
   0.333   0.333   0.867        30    100000      2143    12.87    87.55     0.07     0.60     0.60     2.40
   0.333   0.333   0.870        30    100000      2131    12.89    87.64     0.07     0.60     0.60     2.40
   0.333   0.333   0.873        22    100000      2142    12.91    87.73     0.07     0.61     0.60     2.40
   0.333   0.333   0.875        29    100000      2133    12.91    87.82     0.07     0.61     0.60     2.40
   0.333   0.333   0.877        21    100000      2132    12.94    87.91     0.07     0.60     0.60     2.40
   0.333   0.333   0.880        25    100000      2139    12.96    88.00     0.07     0.60     0.60     2.40
   0.333   0.333   0.882        23    100000      2140    12.98    88.09     0.07     0.60     0.60     2.40
   0.333   0.333   0.885        28    100000      2140    13.00    88.17     0.07     0.60     0.60     2.40
   0.333   0.333   0.887        25    100000      2146    13.02    88.26     0.07     0.60     0.60     2.40
   0.333   0.333   0.890        19    100000      2136    13.04    88.35     0.07     0.60     0.60     2.40
   0.333   0.333   0.892        19    100000      2144    13.04    88.45     0.07     0.60     0.60     2.40
   0.333   0.333   0.895        31    100000      2149    13.07    88.54     0.07     0.61     0.60     2.40
   0.333   0.333   0.897        28    100000      2126    13.09    88.62     0.07     0.61     0.60     2.40
   0.333   0.333   0.900        29    100000      2139    13.11    88.71     0.07     0.60     0.60     2.40
   0.333   0.333   0.903        23    100000      2143    13.13    88.81     0.07     0.60     0.60     2.40
   0.333   0.333   0.905        21    100000      2137    13.15    88.90     0.07     0.60     0.60     2.40
   0.333   0.333   0.908        22    100000      2132    13.17    88.98     0.07     0.60     0.60     2.40
   0.333   0.333   0.910        19    100000      2127    13.19    89.07     0.07     0.60     0.60     2.40
   0.333   0.333   0.913        26    100000      2148    13.19    89.16     0.07     0.60     0.60     2.40
   0.333   0.333   0.915        31    100000      2132    13.22    89.25     0.07     0.60     0.60     2.40
   0.333   0.333   0.918        27    100000      2130    13.24    89.33     0.07     0.60     0.60     2.40
   0.333   0.333   0.920        28    100000      2140    13.26    89.43     0.07     0.61     0.60     2.40
   0.333   0.333   0.923        25    100000      2134    13.28    89.51     0.07     0.61     0.60     2.40
   0.333   0.333   0.925        18    100000      2134    13.30    89.60     0.07     0.60     0.60     2.40
   0.333   0.333   0.928        30    100000      2147    13.32    89.69     0.07     0.60     0.60     2.40
   0.333   0.333   0.930        30    100000      2136    13.34    89.77     0.07     0.60     0.60     2.40
   0.333   0.333   0.933        21    100000      2148    13.36    89.86     0.07     0.60     0.60     2.40
   0.333   0.333   0.935        24    100000      2143    13.36    89.94     0.07     0.60     0.60     2.40
   0.333   0.333   0.938        21    100000      2148    13.39    90.03     0.07     0.60     0.60     2.40
   0.333   0.333   0.940        27    100000      2137    13.41    90.11     0.07     0.60     0.60     2.40
   0.333   0.333   0.942        23    100000      2144    13.43    90.20     0.07     0.60     0.60     2.40
   0.333   0.333   0.945        26    100000      2132    13.45    90.29     0.07     0.60     0.60     2.40
   0.333   0.333   0.947        27    100000      2143    13.47    90.37     0.07     0.60     0.60     2.40
   0.333   0.333   0.950        33    100000      2121    13.49    90.46     0.07     0.60     0.60     2.40
   0.333   0.333   0.952        26    100000      2144    13.51    90.54     0.07     0.60     0.60     2.40
   0.333   0.333   0.955        32    100000      2139    13.53    90.62     0.07     0.60     0.60     2.40
   0.333   0.333   0.957        27    100000      2139    13.55    90.71     0.07     0.60     0.60     2.40
   0.333   0.333   0.960        28    100000      2141    13.57    90.78     0.07     0.60     0.60     2.40
   0.333   0.333   0.962        32    100000      2133    13.59    90.87     0.07     0.60     0.60     2.40
   0.333   0.333   0.965        38    100000      2126    13.61    90.96     0.07     0.60     0.60     2.40
   0.333   0.333   0.967        40    100000      2138    13.61    91.04     0.07     0.60     0.60     2.40
   0.333   0.333   0.970        38    100000      2129    13.64    91.13     0.07     0.60     0.60     2.40
   0.333   0.333   0.972        37    100000      2144    13.66    91.21     0.07     0.60     0.60     2.40
   0.333   0.333   0.975        46    100000      2134    13.68    91.29     0.07     0.60     0.60     2.40
   0.333   0.333   0.977        40    100000      2152    13.70    91.37     0.07     0.60     0.60     2.40
   0.333   0.333   0.980        55    100000      2130    13.72    91.46     0.07     0.60     0.60     2.40
   0.333   0.333   0.982        81    100000      2141    13.74    91.54     0.07     0.60     0.60     2.40
   0.333   0.333   0.985       110    100000      2127    13.76    91.61     0.07     0.60     0.60     2.40
   0.333   0.333   0.987       144    100000      2155    13.78    91.70     0.07     0.60     0.60     2.40
   0.333   0.333   0.990       225    100000      2130    13.80    91.79     0.07     0.60     0.60     2.40
   0.333   0.333   0.992       266    100000      2126    13.82    91.87     0.07     0.60     0.60     2.40
   0.333   0.333   0.995       311    100000      2126    13.84    91.94     0.07     0.60     0.60     2.40
   0.333   0.333   0.998       304    100000      2131    13.86    92.03     0.07     0.60     0.60     2.40
   0.333   0.333   1.000       282    100000      2137    13.88    92.11     0.07     0.60     0.60     2.40
   0.333   0.333   1.003       245    100000      2147    13.90    92.19     0.07     0.60     0.60     2.40
   0.333   0.333   1.005       204    100000      2130    13.92    92.27     0.07     0.60     0.60     2.40
   0.333   0.333   1.007       161    100000      2124    13.94    92.35     0.07     0.60     0.60     2.40
   0.333   0.333   1.010        92    100000      2156    13.96    92.44     0.07     0.60     0.60     2.40
   0.333   0.333   1.013        80    100000      2140    13.98    92.51     0.07     0.60     0.60     2.40
   0.333   0.333   1.015        81    100000      2135    14.00    92.58     0.05     0.60     0.60     2.40
   0.333   0.333   1.017        47    100000      2135    14.02    92.67     0.05     0.60     0.60     2.40
   0.333   0.333   1.020        42    100000      2149    14.04    92.75     0.05     0.60     0.60     2.40
   0.333   0.333   1.023        50    100000      2124    14.06    92.83     0.05     0.60     0.60     2.40
   0.333   0.333   1.025        34    100000      2146    14.08    92.91     0.05     0.60     0.60     2.40
   0.333   0.333   1.027        28    100000      2127    14.10    92.98     0.05     0.60     0.60     2.40
   0.333   0.333   1.030        31    100000      2149    14.12    93.07     0.05     0.60     0.60     2.40
   0.333   0.333   1.033        27    100000      2138    14.14    93.15     0.05     0.60     0.60     2.40
   0.333   0.333   1.035        25    100000      2136    14.16    93.22     0.05     0.60     0.60     2.40
   0.333   0.333   1.037        20    100000      2126    14.18    93.30     0.05     0.60     0.60     2.40
   0.333   0.333   1.040        18    100000      2150    14.20    93.37     0.05     0.60     0.60     2.40
   0.333   0.333   1.043        18    100000      2139    14.22    93.46     0.05     0.60     0.60     2.40
   0.333   0.333   1.045        23    100000      2143    14.24    93.54     0.05     0.60     0.60     2.40
   0.333   0.333   1.048        26    100000      2132    14.26    93.61     0.05     0.60     0.60     2.40
   0.333   0.333   1.050        24    100000      2135    14.28    93.69     0.05     0.60     0.60     2.40
   0.333   0.333   1.053        32    100000      2154    14.30    93.77     0.05     0.60     0.60     2.40
   0.333   0.333   1.055        28    100000      2145    14.32    93.85     0.05     0.60     0.60     2.40
   0.333   0.333   1.058        26    100000      2129    14.34    93.92     0.05     0.60     0.60     2.40
   0.333   0.333   1.060        24    100000      2123    14.36    94.00     0.05     0.60     0.60     2.40
   0.333   0.333   1.062        25    100000      2137    14.38    94.07     0.05     0.60     0.60     2.40
   0.333   0.333   1.065        23    100000      2135    14.40    94.15     0.05     0.60     0.60     2.40
   0.333   0.333   1.067        27    100000      2139    14.42    94.23     0.05     0.60     0.60     2.40
   0.333   0.333   1.070        34    100000      2140    14.44    94.30     0.05     0.60     0.60     2.40
   0.333   0.333   1.072        25    100000      2126    14.46    94.38     0.05     0.60     0.60     2.40
   0.333   0.333   1.075        28    100000      2142    14.48    94.45     0.05     0.60     0.60     2.40
   0.333   0.333   1.077        23    100000      2128    14.50    94.53     0.05     0.60     0.60     2.40
   0.333   0.333   1.080        19    100000      2129    14.52    94.60     0.05     0.60     0.60     2.40
   0.333   0.333   1.082        20    100000      2143    14.54    94.68     0.05     0.60     0.60     2.40
   0.333   0.333   1.085        21    100000      2123    14.56    94.75     0.05     0.60     0.60     2.40
   0.333   0.333   1.087        27    100000      2122    14.58    94.83     0.05     0.60     0.60     2.40
   0.333   0.333   1.090        27    100000      2134    14.60    94.90     0.05     0.60     0.60     2.40
   0.333   0.333   1.092        17    100000      2141    14.62    94.98     0.05     0.60     0.60     2.40
   0.333   0.333   1.095        20    100000      2152    14.64    95.05     0.05     0.60     0.60     2.40
   0.333   0.333   1.097        30    100000      2122    14.66    95.13     0.05     0.60     0.60     2.40
   0.333   0.333   1.100        19    100000      2148    14.68    95.20     0.05     0.60     0.60     2.40
   0.333   0.333   1.102        17    100000      2145    14.70    95.27     0.05     0.60     0.60     2.40
   0.333   0.333   1.105        32    100000      2141    14.72    95.35     0.05     0.60     0.60     2.40
   0.333   0.333   1.107        25    100000      2149    14.74    95.42     0.05     0.60     0.60     2.40
   0.333   0.333   1.110        35    100000      2140    14.77    95.49     0.05     0.60     0.60     2.40
   0.333   0.333   1.112        27    100000      2136    14.79    95.57     0.05     0.60     0.60     2.40
   0.333   0.333   1.115        26    100000      2125    14.81    95.64     0.05     0.60     0.60     2.40
   0.333   0.333   1.118        24    100000      2132    14.83    95.71     0.05     0.60     0.60     2.40
   0.333   0.333   1.120        28    100000      2136    14.85    95.78     0.05     0.60     0.60     2.40
   0.333   0.333   1.122        24    100000      2125    14.87    95.86     0.05     0.60     0.60     2.40
   0.333   0.333   1.125        25    100000      2143    14.89    95.93     0.05     0.60     0.60     2.40
   0.333   0.333   1.128        29    100000      2132    14.91    96.00     0.05     0.60     0.60     2.40
   0.333   0.333   1.130        37    100000      2134    14.93    96.07     0.05     0.60     0.60     2.40
   0.333   0.333   1.132        27    100000      2133    14.95    96.14     0.05     0.60     0.60     2.40
   0.333   0.333   1.135        19    100000      2140    14.97    96.22     0.05     0.59     0.60     2.40
   0.333   0.333   1.138        28    100000      2153    14.99    96.29     0.05     0.59     0.60     2.40
   0.333   0.333   1.140        20    100000      2148    15.01    96.35     0.05     0.59     0.60     2.40
   0.333   0.333   1.142        22    100000      2140    15.03    96.43     0.05     0.59     0.60     2.40
   0.333   0.333   1.145        25    100000      2140    15.05    96.50     0.05     0.60     0.60     2.40
   0.333   0.333   1.148        17    100000      2133    15.08    96.57     0.05     0.60     0.60     2.40
   0.333   0.333   1.150        29    100000      2150    15.10    96.64     0.05     0.60     0.60     2.40
   0.333   0.333   1.152        27    100000      2136    15.12    96.71     0.05     0.60     0.60     2.40
   0.333   0.333   1.155        23    100000      2140    15.14    96.78     0.05     0.60     0.60     2.40
   0.333   0.333   1.158        38    100000      2119    15.16    96.85     0.05     0.60     0.60     2.40
   0.333   0.333   1.160        27    100000      2139    15.18    96.92     0.05     0.60     0.60     2.40
   0.333   0.333   1.162        23    100000      2127    15.20    96.99     0.05     0.60     0.60     2.40
   0.333   0.333   1.165        15    100000      2119    15.22    97.06     0.05     0.60     0.60     2.40
   0.333   0.333   1.168        26    100000      2129    15.24    97.13     0.05     0.60     0.60     2.40
   0.333   0.333   1.170        23    100000      2145    15.26    97.19     0.05     0.60     0.60     2.40
   0.333   0.333   1.173        24    100000      2158    15.28    97.27     0.05     0.60     0.60     2.40
   0.333   0.333   1.175        24    100000      2130    15.31    97.34     0.05     0.60     0.60     2.40
   0.333   0.333   1.178        13    100000      2133    15.33    97.41     0.05     0.60     0.60     2.40
   0.333   0.333   1.180        25    100000      2127    15.35    97.48     0.05     0.60     0.60     2.40
   0.333   0.333   1.183        22    100000      2143    15.37    97.54     0.05     0.60     0.60     2.40
   0.333   0.333   1.185        31    100000      2139    15.39    97.61     0.05     0.60     0.60     2.40
   0.333   0.333   1.188        21    100000      2140    15.41    97.68     0.05     0.60     0.60     2.40
   0.333   0.333   1.190        24    100000      2137    15.43    97.75     0.05     0.60     0.60     2.40
   0.333   0.333   1.192        15    100000      2137    15.45    97.82     0.05     0.60     0.60     2.40
   0.333   0.333   1.195        26    100000      2124    15.47    97.89     0.05     0.60     0.60     2.40
   0.333   0.333   1.197        16    100000      2134    15.50    97.95     0.05     0.60     0.60     2.40
   0.333   0.333   1.200        32    100000      2148    15.52    98.02     0.05     0.60     0.60     2.40
   0.333   0.333   1.202        23    100000      2128    15.54    98.09     0.05     0.60     0.60     2.40
   0.333   0.333   1.205        23    100000      2137    15.55    98.16     0.05     0.60     0.60     2.40
   0.333   0.333   1.207        23    100000      2132    15.58    98.22     0.05     0.60     0.60     2.40
   0.333   0.333   1.210        24    100000      2144    15.60    98.29     0.05     0.60     0.60     2.40
   0.333   0.333   1.212        24    100000      2133    15.62    98.36     0.05     0.60     0.60     2.40
   0.333   0.333   1.215        33    100000      2135    15.64    98.42     0.05     0.60     0.60     2.40
   0.333   0.333   1.217        32    100000      2141    15.67    98.49     0.05     0.60     0.60     2.40
   0.333   0.333   1.220        28    100000      2133    15.69    98.56     0.05     0.60     0.60     2.40
   0.333   0.333   1.222        21    100000      2135    15.71    98.62     0.05     0.60     0.60     2.40
   0.333   0.333   1.225        24    100000      2127    15.73    98.69     0.05     0.60     0.60     2.40
   0.333   0.333   1.227        28    100000      2124    15.75    98.75     0.05     0.60     0.60     2.40
   0.333   0.333   1.230        27    100000      2130    15.77    98.82     0.05     0.60     0.60     2.40
   0.333   0.333   1.232        27    100000      2145    15.79    98.89     0.05     0.60     0.60     2.40
   0.333   0.333   1.235        21    100000      2136    15.81    98.95     0.05     0.60     0.60     2.40
   0.333   0.333   1.237        21    100000      2141    15.84    99.02     0.05     0.60     0.60     2.40
   0.333   0.333   1.240        29    100000      2141    15.86    99.08     0.05     0.60     0.60     2.40
   0.333   0.333   1.243        24    100000      2141    15.88    99.15     0.03     0.60     0.60     2.40
   0.333   0.333   1.245        24    100000      2141    15.90    99.21     0.03     0.60     0.60     2.40
   0.333   0.333   1.247        20    100000      2133    15.92    99.28     0.03     0.60     0.60     2.40
   0.333   0.333   1.250        17    100000      2141    15.94    99.34     0.03     0.60     0.60     2.40
   0.333   0.333   1.253        21    100000      2143    15.97    99.41     0.03     0.60     0.60     2.40
   0.333   0.333   1.255        21    100000      2147    15.98    99.47     0.03     0.60     0.60     2.40
   0.333   0.333   1.257        29    100000      2128    16.01    99.53     0.03     0.60     0.60     2.40
   0.333   0.333   1.260        16    100000      2125    16.02    99.60     0.03     0.60     0.60     2.40
   0.333   0.333   1.263        31    100000      2131    16.05    99.66     0.03     0.60     0.60     2.40
   0.333   0.333   1.265        16    100000      2146    16.07    99.73     0.03     0.60     0.60     2.40
   0.333   0.333   1.267        17    100000      2138    16.09    99.79     0.03     0.60     0.60     2.40
   0.333   0.333   1.270        25    100000      2135    16.12    99.85     0.03     0.60     0.60     2.40
   0.333   0.333   1.273        27    100000      2140    16.14    99.92     0.03     0.60     0.60     2.40
   0.333   0.333   1.275        28    100000      2142    16.16    99.98     0.03     0.60     0.60     2.40
   0.333   0.333   1.277        17    100000      2132    16.18   100.04     0.03     0.60     0.60     2.40
   0.333   0.333   1.280        22    100000      2129    16.20   100.11     0.03     0.60     0.60     2.40
   0.333   0.333   1.283        22    100000      2127    16.22   100.17     0.03     0.60     0.60     2.40
   0.333   0.333   1.285        20    100000      2141    16.25   100.23     0.03     0.60     0.60     2.40
   0.333   0.333   1.287        26    100000      2131    16.27   100.30     0.03     0.60     0.60     2.40
   0.333   0.333   1.290        21    100000      2134    16.29   100.36     0.03     0.60     0.60     2.40
   0.333   0.333   1.293        16    100000      2125    16.31   100.42     0.03     0.60     0.60     2.40
   0.333   0.333   1.295        29    100000      2139    16.33   100.48     0.03     0.60     0.60     2.40
   0.333   0.333   1.297        22    100000      2146    16.35   100.55     0.03     0.60     0.60     2.40
   0.333   0.333   1.300        23    100000      2130    16.38   100.61     0.03     0.60     0.60     2.40
   0.333   0.333   1.303        19    100000      2141    16.40   100.67     0.03     0.60     0.60     2.40
   0.333   0.333   1.305        34    100000      2145    16.42   100.73     0.03     0.60     0.60     2.40
   0.333   0.333   1.308        25    100000      2140    16.44   100.79     0.03     0.60     0.60     2.40
   0.333   0.333   1.310        26    100000      2149    16.46   100.85     0.03     0.60     0.60     2.40
   0.333   0.333   1.312        30    100000      2141    16.49   100.92     0.03     0.60     0.60     2.40
   0.333   0.333   1.315        24    100000      2136    16.51   100.98     0.03     0.60     0.60     2.40
   0.333   0.333   1.317        25    100000      2129    16.53   101.04     0.03     0.60     0.60     2.40
   0.333   0.333   1.320        31    100000      2145    16.55   101.10     0.03     0.60     0.60     2.40
   0.333   0.333   1.322        22    100000      2137    16.57   101.16     0.03     0.60     0.60     2.40
   0.333   0.333   1.325        22    100000      2131    16.59   101.22     0.03     0.60     0.60     2.40
   0.333   0.333   1.327        24    100000      2134    16.62   101.28     0.03     0.59     0.60     2.40
   0.333   0.333   1.330        18    100000      2125    16.64   101.34     0.03     0.59     0.60     2.40
   0.333   0.333   1.332        30    100000      2123    16.66   101.40     0.03     0.59     0.60     2.40
   0.333   0.333   1.335        27    100000      2132    16.68   101.46     0.03     0.59     0.60     2.40
   0.333   0.333   1.337        27    100000      2153    16.70   101.52     0.03     0.60     0.60     2.40
   0.333   0.333   1.340        18    100000      2142    16.73   101.58     0.03     0.60     0.60     2.40
   0.333   0.333   1.342        23    100000      2153    16.75   101.64     0.03     0.60     0.60     2.40
   0.333   0.333   1.345        34    100000      2126    16.77   101.70     0.03     0.60     0.60     2.40
   0.333   0.333   1.347        24    100000      2143    16.79   101.76     0.03     0.59     0.60     2.40
   0.333   0.333   1.350        27    100000      2129    16.81   101.82     0.03     0.59     0.60     2.40
   0.333   0.333   1.352        28    100000      2125    16.84   101.88     0.03     0.59     0.60     2.40
   0.333   0.333   1.355        33    100000      2137    16.86   101.94     0.03     0.59     0.60     2.40
   0.333   0.333   1.357        21    100000      2136    16.88   102.00     0.03     0.60     0.60     2.40
   0.333   0.333   1.360        25    100000      2142    16.90   102.06     0.03     0.60     0.60     2.40
   0.333   0.333   1.362        25    100000      2139    16.92   102.12     0.03     0.60     0.60     2.40
   0.333   0.333   1.365        25    100000      2143    16.95   102.18     0.03     0.60     0.60     2.40
   0.333   0.333   1.368        25    100000      2142    16.97   102.24     0.03     0.60     0.60     2.40
   0.333   0.333   1.370        14    100000      2128    16.99   102.29     0.03     0.60     0.60     2.40
   0.333   0.333   1.372        22    100000      2145    17.01   102.35     0.03     0.60     0.60     2.40
   0.333   0.333   1.375        18    100000      2135    17.04   102.41     0.03     0.60     0.60     2.40
   0.333   0.333   1.378        14    100000      2147    17.06   102.47     0.03     0.60     0.60     2.40
   0.333   0.333   1.380        23    100000      2143    17.08   102.53     0.03     0.60     0.60     2.40
   0.333   0.333   1.382        21    100000      2135    17.10   102.59     0.03     0.60     0.60     2.40
   0.333   0.333   1.385        23    100000      2131    17.12   102.64     0.03     0.60     0.60     2.40
   0.333   0.333   1.388        35    100000      2143    17.15   102.70     0.03     0.60     0.60     2.40
   0.333   0.333   1.390        24    100000      2127    17.17   102.76     0.03     0.60     0.60     2.40
   0.333   0.333   1.392        39    100000      2128    17.19   102.82     0.03     0.60     0.60     2.40
   0.333   0.333   1.395        16    100000      2131    17.21   102.87     0.03     0.60     0.60     2.40
   0.333   0.333   1.398        20    100000      2146    17.24   102.93     0.03     0.60     0.60     2.40
   0.333   0.333   1.400        23    100000      2137    17.26   102.99     0.03     0.60     0.60     2.40
   0.333   0.333   1.402        28    100000      2141    17.28   103.05     0.03     0.60     0.60     2.40
   0.333   0.333   1.405        14    100000      2143    17.30   103.10     0.03     0.60     0.60     2.40
   0.333   0.333   1.408        20    100000      2142    17.32   103.16     0.03     0.60     0.60     2.40
   0.333   0.333   1.410        13    100000      2139    17.35   103.22     0.03     0.60     0.60     2.40
   0.333   0.333   1.412        26    100000      2136    17.37   103.27     0.03     0.60     0.60     2.40
   0.333   0.333   1.415        21    100000      2153    17.39   103.33     0.03     0.60     0.60     2.40
   0.333   0.333   1.418        20    100000      2138    17.41   103.39     0.03     0.60     0.60     2.40
   0.333   0.333   1.420        25    100000      2141    17.44   103.44     0.03     0.60     0.60     2.40
   0.333   0.333   1.422        33    100000      2136    17.46   103.50     0.03     0.60     0.60     2.40
   0.333   0.333   1.425        25    100000      2133    17.48   103.55     0.03     0.60     0.60     2.40
   0.333   0.333   1.428        25    100000      2146    17.50   103.61     0.03     0.60     0.60     2.40
   0.333   0.333   1.430        30    100000      2133    17.53   103.67     0.03     0.60     0.60     2.40
   0.333   0.333   1.433        21    100000      2141    17.55   103.72     0.03     0.60     0.60     2.40
   0.333   0.333   1.435        28    100000      2138    17.57   103.78     0.03     0.60     0.60     2.40
   0.333   0.333   1.438        23    100000      2138    17.59   103.83     0.03     0.60     0.60     2.40
   0.333   0.333   1.440        23    100000      2134    17.62   103.89     0.03     0.60     0.60     2.40
   0.333   0.333   1.442        23    100000      2140    17.64   103.94     0.03     0.60     0.60     2.40
   0.333   0.333   1.445        17    100000      2137    17.66   104.00     0.03     0.60     0.60     2.40
   0.333   0.333   1.447        35    100000      2144    17.68   104.05     0.03     0.60     0.60     2.40
   0.333   0.333   1.450        28    100000      2145    17.71   104.11     0.03     0.60     0.60     2.40
   0.333   0.333   1.452        21    100000      2138    17.73   104.16     0.03     0.60     0.60     2.40
   0.333   0.333   1.455        24    100000      2126    17.75   104.22     0.03     0.60     0.60     2.40
   0.333   0.333   1.457        29    100000      2137    17.77   104.27     0.03     0.60     0.60     2.40
   0.333   0.333   1.460        15    100000      2143    17.80   104.33     0.03     0.60     0.60     2.40
   0.333   0.333   1.462        25    100000      2138    17.82   104.38     0.03     0.60     0.60     2.40
   0.333   0.333   1.465        21    100000      2146    17.84   104.44     0.03     0.60     0.60     2.40
   0.333   0.333   1.467        29    100000      2140    17.86   104.49     0.03     0.60     0.60     2.40
   0.333   0.333   1.470        25    100000      2141    17.89   104.55     0.03     0.60     0.60     2.40
   0.333   0.333   1.472        23    100000      2147    17.91   104.60     0.01     0.60     0.60     2.40
   0.333   0.333   1.475        20    100000      2129    17.93   104.65     0.01     0.60     0.60     2.40
   0.333   0.333   1.477        22    100000      2148    17.95   104.71     0.01     0.60     0.60     2.40
   0.333   0.333   1.480        20    100000      2153    17.98   104.76     0.01     0.60     0.60     2.40
   0.333   0.333   1.482        17    100000      2124    18.00   104.82     0.01     0.60     0.60     2.40
   0.333   0.333   1.485        20    100000      2126    18.02   104.87     0.01     0.60     0.60     2.40
   0.333   0.333   1.487        16    100000      2128    18.04   104.92     0.01     0.60     0.60     2.40
   0.333   0.333   1.490        17    100000      2137    18.07   104.98     0.01     0.60     0.60     2.40
   0.333   0.333   1.493        37    100000      2121    18.09   105.03     0.01     0.60     0.60     2.40
   0.333   0.333   1.495        20    100000      2154    18.11   105.08     0.01     0.60     0.60     2.40
   0.333   0.333   1.497        24    100000      2147    18.14   105.14     0.01     0.60     0.60     2.40
   0.333   0.333   1.500        26    100000      2144    18.16   105.19     0.01     0.60     0.60     2.40
