   0.333   0.333   0.500        25    100000      2156    10.52    71.37     0.11     0.60     0.60     1.40
   0.333   0.333   0.502        15    100000      2134    10.54    71.51     0.11     0.60     0.60     1.40
   0.333   0.333   0.505        28    100000      2141    10.54    71.63     0.11     0.60     0.60     1.40
   0.333   0.333   0.507        26    100000      2126    10.57    71.77     0.11     0.60     0.60     1.40
   0.333   0.333   0.510        31    100000      2125    10.57    71.89     0.11     0.60     0.60     1.40
   0.333   0.333   0.512        23    100000      2136    10.59    72.03     0.11     0.60     0.60     1.40
   0.333   0.333   0.515        27    100000      2146    10.61    72.15     0.11     0.60     0.60     1.40
   0.333   0.333   0.517        25    100000      2141    10.61    72.27     0.11     0.60     0.60     1.40
   0.333   0.333   0.520        13    100000      2133    10.63    72.41     0.11     0.60     0.60     1.40
   0.333   0.333   0.522        17    100000      2126    10.65    72.54     0.11     0.60     0.60     1.40
   0.333   0.333   0.525        27    100000      2150    10.65    72.66     0.11     0.60     0.60     1.40
   0.333   0.333   0.527        22    100000      2138    10.67    72.79     0.11     0.60     0.60     1.40
   0.333   0.333   0.530        30    100000      2135    10.69    72.92     0.11     0.60     0.60     1.40
   0.333   0.333   0.533        29    100000      2147    10.69    73.04     0.11     0.60     0.60     1.40
   0.333   0.333   0.535        20    100000      2145    10.71    73.17     0.11     0.60     0.60     1.40
   0.333   0.333   0.538        31    100000      2151    10.73    73.30     0.11     0.60     0.60     1.40
   0.333   0.333   0.540        28    100000      2149    10.73    73.41     0.11     0.60     0.60     1.40
   0.333   0.333   0.543        23    100000      2127    10.75    73.55     0.11     0.60     0.60     1.40
   0.333   0.333   0.545        25    100000      2131    10.77    73.67     0.11     0.60     0.60     1.40
   0.333   0.333   0.548        21    100000      2145    10.77    73.79     0.11     0.60     0.60     1.40
   0.333   0.333   0.550        15    100000      2151    10.80    73.91     0.11     0.60     0.60     1.40
   0.333   0.333   0.553        29    100000      2138    10.80    74.03     0.11     0.60     0.60     1.40
   0.333   0.333   0.555        24    100000      2133    10.82    74.17     0.11     0.60     0.60     1.40
   0.333   0.333   0.558        15    100000      2139    10.84    74.29     0.09     0.60     0.60     1.40
   0.333   0.333   0.560        19    100000      2140    10.84    74.41     0.09     0.60     0.60     1.40
   0.333   0.333   0.562        27    100000      2144    10.87    74.54     0.09     0.60     0.60     1.40
   0.333   0.333   0.565        26    100000      2130    10.87    74.66     0.09     0.60     0.60     1.40
   0.333   0.333   0.567        22    100000      2127    10.89    74.78     0.09     0.60     0.60     1.40
   0.333   0.333   0.570        26    100000      2126    10.91    74.90     0.09     0.60     0.60     1.40
   0.333   0.333   0.572        19    100000      2137    10.91    75.03     0.09     0.60     0.60     1.40
   0.333   0.333   0.575        23    100000      2143    10.94    75.15     0.09     0.60     0.60     1.40
   0.333   0.333   0.577        19    100000      2144    10.94    75.27     0.09     0.60     0.60     1.40
   0.333   0.333   0.580        15    100000      2143    10.96    75.39     0.09     0.60     0.60     1.40
   0.333   0.333   0.582        18    100000      2138    10.98    75.51     0.09     0.60     0.60     1.40
   0.333   0.333   0.585        37    100000      2135    10.98    75.63     0.09     0.60     0.60     1.40
   0.333   0.333   0.587        38    100000      2141    11.01    75.75     0.09     0.60     0.60     1.40
   0.333   0.333   0.590        21    100000      2148    11.01    75.87     0.09     0.60     0.60     1.40
   0.333   0.333   0.592        19    100000      2145    11.04    75.99     0.09     0.60     0.60     1.40
   0.333   0.333   0.595        31    100000      2130    11.04    76.11     0.09     0.60     0.60     1.40
   0.333   0.333   0.597        21    100000      2132    11.07    76.23     0.09     0.60     0.60     1.40
   0.333   0.333   0.600        24    100000      2131    11.07    76.35     0.09     0.60     0.60     1.40
   0.333   0.333   0.603        18    100000      2140    11.10    76.46     0.09     0.60     0.60     1.40
   0.333   0.333   0.605        23    100000      2137    11.10    76.58     0.09     0.60     0.60     1.40
   0.333   0.333   0.608        30    100000      2139    11.13    76.70     0.09     0.60     0.60     1.40
   0.333   0.333   0.610        26    100000      2139    11.13    76.82     0.09     0.60     0.60     1.40
   0.333   0.333   0.613        25    100000      2136    11.16    76.94     0.09     0.60     0.60     1.40
   0.333   0.333   0.615        23    100000      2148    11.16    77.05     0.09     0.60     0.60     1.40
   0.333   0.333   0.618        25    100000      2151    11.19    77.17     0.09     0.60     0.60     1.40
   0.333   0.333   0.620        29    100000      2122    11.19    77.28     0.09     0.60     0.60     1.40
   0.333   0.333   0.623        23    100000      2125    11.22    77.40     0.09     0.60     0.60     1.40
   0.333   0.333   0.625        28    100000      2151    11.22    77.52     0.09     0.60     0.60     1.40
   0.333   0.333   0.627        28    100000      2143    11.25    77.63     0.09     0.60     0.60     1.40
   0.333   0.333   0.630        30    100000      2130    11.25    77.75     0.09     0.60     0.60     1.40
   0.333   0.333   0.632        29    100000      2142    11.28    77.86     0.09     0.60     0.60     1.40
   0.333   0.333   0.635        29    100000      2140    11.28    77.98     0.09     0.60     0.60     1.40
   0.333   0.333   0.637        18    100000      2129    11.31    78.09     0.09     0.60     0.60     1.40
   0.333   0.333   0.640        26    100000      2136    11.31    78.21     0.09     0.60     0.60     1.40
   0.333   0.333   0.642        20    100000      2131    11.34    78.32     0.09     0.60     0.60     1.40
   0.333   0.333   0.645        23    100000      2133    11.34    78.44     0.09     0.60     0.60     1.40
   0.333   0.333   0.647        23    100000      2133    11.37    78.54     0.09     0.60     0.60     1.40
   0.333   0.333   0.650        22    100000      2148    11.37    78.65     0.09     0.60     0.60     1.40
   0.333   0.333   0.653        24    100000      2142    11.40    78.78     0.09     0.60     0.60     1.40
   0.333   0.333   0.655        30    100000      2149    11.42    78.89     0.09     0.60     0.60     1.40
   0.333   0.333   0.658        26    100000      2146    11.42    78.99     0.09     0.60     0.60     1.40
   0.333   0.333   0.660        31    100000      2148    11.45    79.11     0.09     0.60     0.60     1.40
   0.333   0.333   0.663        28    100000      2136    11.45    79.23     0.09     0.60     0.60     1.40
   0.333   0.333   0.665        40    100000      2143    11.48    79.34     0.09     0.60     0.60     1.40
   0.333   0.333   0.668        25    100000      2150    11.48    79.45     0.09     0.60     0.60     1.40
   0.333   0.333   0.670        23    100000      2142    11.51    79.56     0.09     0.60     0.60     1.40
   0.333   0.333   0.673        29    100000      2155    11.53    79.67     0.09     0.60     0.60     1.40
   0.333   0.333   0.675        34    100000      2140    11.53    79.77     0.09     0.60     0.60     1.40
   0.333   0.333   0.678        30    100000      2136    11.56    79.89     0.09     0.59     0.60     1.40
   0.333   0.333   0.680        18    100000      2146    11.56    80.00     0.09     0.59     0.60     1.40
   0.333   0.333   0.683        28    100000      2130    11.59    80.10     0.09     0.60     0.60     1.40
   0.333   0.333   0.685        27    100000      2138    11.61    80.22     0.09     0.60     0.60     1.40
   0.333   0.333   0.688        27    100000      2128    11.61    80.33     0.09     0.60     0.60     1.40
   0.333   0.333   0.690        24    100000      2148    11.64    80.43     0.09     0.60     0.60     1.40
   0.333   0.333   0.692        25    100000      2147    11.64    80.54     0.09     0.60     0.60     1.40
   0.333   0.333   0.695        23    100000      2144    11.67    80.65     0.09     0.60     0.60     1.40
   0.333   0.333   0.697        24    100000      2135    11.69    80.76     0.09     0.60     0.60     1.40
   0.333   0.333   0.700        20    100000      2140    11.69    80.87     0.09     0.60     0.60     1.40
   0.333   0.333   0.702        29    100000      2139    11.72    80.98     0.09     0.60     0.60     1.40
   0.333   0.333   0.705        30    100000      2145    11.74    81.08     0.09     0.60     0.60     1.40
   0.333   0.333   0.707        34    100000      2127    11.74    81.19     0.09     0.60     0.60     1.40
   0.333   0.333   0.710        28    100000      2144    11.77    81.29     0.09     0.60     0.60     1.40
   0.333   0.333   0.712        35    100000      2148    11.79    81.41     0.09     0.60     0.60     1.40
   0.333   0.333   0.715        17    100000      2140    11.79    81.51     0.09     0.60     0.60     1.40
   0.333   0.333   0.717        26    100000      2148    11.82    81.62     0.09     0.60     0.60     1.40
   0.333   0.333   0.720        22    100000      2139    11.82    81.73     0.09     0.60     0.60     1.40
   0.333   0.333   0.722        21    100000      2138    11.85    81.83     0.09     0.60     0.60     1.40
   0.333   0.333   0.725        16    100000      2142    11.87    81.94     0.09     0.60     0.60     1.40
   0.333   0.333   0.727        31    100000      2137    11.87    82.04     0.09     0.60     0.60     1.40
   0.333   0.333   0.730        24    100000      2131    11.90    82.14     0.09     0.60     0.60     1.40
   0.333   0.333   0.733        23    100000      2131    11.92    82.25     0.09     0.60     0.60     1.40
   0.333   0.333   0.735        34    100000      2140    11.92    82.35     0.09     0.60     0.60     1.40
   0.333   0.333   0.738        22    100000      2123    11.95    82.46     0.09     0.60     0.60     1.40
   0.333   0.333   0.740        26    100000      2151    11.97    82.57     0.09     0.60     0.60     1.40
   0.333   0.333   0.743        27    100000      2133    11.99    82.67     0.09     0.60     0.60     1.40
   0.333   0.333   0.745        29    100000      2126    11.99    82.77     0.09     0.60     0.60     1.40
   0.333   0.333   0.748        27    100000      2138    12.02    82.88     0.09     0.60     0.60     1.40
   0.333   0.333   0.750        28    100000      2161    12.04    82.98     0.09     0.60     0.60     1.40
   0.333   0.333   0.752        30    100000      2142    12.04    83.08     0.09     0.60     0.60     1.40
   0.333   0.333   0.755        31    100000      2149    12.07    83.18     0.09     0.60     0.60     1.40
   0.333   0.333   0.757        25    100000      2143    12.09    83.29     0.09     0.60     0.60     1.40
   0.333   0.333   0.760        23    100000      2152    12.09    83.39     0.09     0.60     0.60     1.40
   0.333   0.333   0.762        21    100000      2143    12.12    83.49     0.09     0.60     0.60     1.40
   0.333   0.333   0.765        32    100000      2131    12.14    83.59     0.09     0.60     0.60     1.40
   0.333   0.333   0.767        21    100000      2134    12.16    83.69     0.09     0.60     0.60     1.40
   0.333   0.333   0.770        27    100000      2127    12.16    83.79     0.09     0.60     0.60     1.40
   0.333   0.333   0.773        28    100000      2147    12.19    83.89     0.09     0.60     0.60     1.40
   0.333   0.333   0.775        30    100000      2116    12.21    83.99     0.09     0.60     0.60     1.40
   0.333   0.333   0.778        22    100000      2140    12.21    84.09     0.09     0.60     0.60     1.40
   0.333   0.333   0.780        28    100000      2149    12.24    84.19     0.09     0.60     0.60     1.40
   0.333   0.333   0.783        29    100000      2142    12.26    84.29     0.09     0.60     0.60     1.40
   0.333   0.333   0.785        24    100000      2130    12.28    84.39     0.07     0.60     0.60     1.40
   0.333   0.333   0.788        27    100000      2156    12.28    84.49     0.07     0.60     0.60     1.40
   0.333   0.333   0.790        15    100000      2131    12.31    84.59     0.07     0.60     0.60     1.40
   0.333   0.333   0.793        31    100000      2141    12.33    84.69     0.07     0.60     0.60     1.40
   0.333   0.333   0.795        20    100000      2136    12.35    84.79     0.07     0.60     0.60     1.40
   0.333   0.333   0.798        24    100000      2130    12.35    84.89     0.07     0.60     0.60     1.40
   0.333   0.333   0.800        29    100000      2124    12.38    84.99     0.07     0.60     0.60     1.40
   0.333   0.333   0.803        19    100000      2133    12.40    85.08     0.07     0.60     0.60     1.40
   0.333   0.333   0.805        23    100000      2133    12.42    85.18     0.07     0.60     0.60     1.40
   0.333   0.333   0.808        24    100000      2141    12.44    85.28     0.07     0.60     0.60     1.40
   0.333   0.333   0.810        23    100000      2133    12.44    85.38     0.07     0.60     0.60     1.40
   0.333   0.333   0.812        23    100000      2143    12.47    85.47     0.07     0.60     0.60     1.40
   0.333   0.333   0.815        25    100000      2125    12.49    85.57     0.07     0.60     0.60     1.40
   0.333   0.333   0.817        22    100000      2142    12.51    85.67     0.07     0.60     0.60     1.40
   0.333   0.333   0.820        26    100000      2145    12.51    85.76     0.07     0.60     0.60     1.40
   0.333   0.333   0.822        24    100000      2144    12.54    85.86     0.07     0.60     0.60     1.40
   0.333   0.333   0.825        20    100000      2149    12.56    85.95     0.07     0.60     0.60     1.40
   0.333   0.333   0.827        26    100000      2135    12.58    86.05     0.07     0.59     0.60     1.40
   0.333   0.333   0.830        35    100000      2142    12.60    86.14     0.07     0.59     0.60     1.40
   0.333   0.333   0.832        25    100000      2127    12.60    86.24     0.07     0.59     0.60     1.40
   0.333   0.333   0.835        20    100000      2146    12.63    86.33     0.07     0.59     0.60     1.40
   0.333   0.333   0.837        18    100000      2136    12.65    86.43     0.07     0.59     0.60     1.40
   0.333   0.333   0.840        27    100000      2133    12.67    86.51     0.07     0.59     0.60     1.40
   0.333   0.333   0.842        18    100000      2139    12.69    86.61     0.07     0.59     0.60     1.40
   0.333   0.333   0.845        27    100000      2138    12.69    86.71     0.07     0.59     0.60     1.40
   0.333   0.333   0.847        24    100000      2142    12.72    86.80     0.07     0.60     0.60     1.40
   0.333   0.333   0.850        28    100000      2134    12.74    86.90     0.07     0.60     0.60     1.40
   0.333   0.333   0.852        31    100000      2146    12.76    86.99     0.07     0.60     0.60     1.40
   0.333   0.333   0.855        26    100000      2131    12.78    87.08     0.07     0.60     0.60     1.40
   0.333   0.333   0.857        31    100000      2136    12.80    87.18     0.07     0.60     0.60     1.40
   0.333   0.333   0.860        22    100000      2150    12.80    87.27     0.07     0.59     0.60     1.40
   0.333   0.333   0.862        24    100000      2144    12.83    87.36     0.07     0.59     0.60     1.40
   0.333   0.333   0.865        27    100000      2144    12.85    87.45     0.07     0.59     0.60     1.40
   0.333   0.333   0.867        36    100000      2129    12.87    87.55     0.07     0.59     0.60     1.40
   0.333   0.333   0.870        25    100000      2140    12.89    87.64     0.07     0.60     0.60     1.40
   0.333   0.333   0.873        24    100000      2141    12.91    87.72     0.07     0.60     0.60     1.40
   0.333   0.333   0.875        19    100000      2143    12.91    87.81     0.07     0.60     0.60     1.40
   0.333   0.333   0.877        19    100000      2121    12.94    87.90     0.07     0.60     0.60     1.40
   0.333   0.333   0.880        35    100000      2141    12.96    87.99     0.07     0.60     0.60     1.40
   0.333   0.333   0.882        22    100000      2149    12.98    88.09     0.07     0.60     0.60     1.40
   0.333   0.333   0.885        24    100000      2137    13.00    88.18     0.07     0.59     0.60     1.40
   0.333   0.333   0.887        37    100000      2126    13.02    88.27     0.07     0.59     0.60     1.40
   0.333   0.333   0.890        22    100000      2144    13.04    88.36     0.07     0.60     0.60     1.40
   0.333   0.333   0.892        31    100000      2148    13.04    88.45     0.07     0.60     0.60     1.40
   0.333   0.333   0.895        25    100000      2131    13.07    88.54     0.07     0.59     0.60     1.40
   0.333   0.333   0.897        18    100000      2130    13.09    88.63     0.07     0.59     0.60     1.40
   0.333   0.333   0.900        29    100000      2146    13.11    88.72     0.07     0.60     0.60     1.40
   0.333   0.333   0.903        27    100000      2139    13.13    88.81     0.07     0.60     0.60     1.40
   0.333   0.333   0.905        11    100000      2146    13.15    88.89     0.07     0.60     0.60     1.40
   0.333   0.333   0.908        29    100000      2145    13.17    88.98     0.07     0.60     0.60     1.40
   0.333   0.333   0.910        23    100000      2124    13.19    89.07     0.07     0.60     0.60     1.40
   0.333   0.333   0.913        29    100000      2138    13.19    89.16     0.07     0.60     0.60     1.40
   0.333   0.333   0.915        23    100000      2144    13.22    89.25     0.07     0.60     0.60     1.40
   0.333   0.333   0.918        27    100000      2132    13.24    89.34     0.07     0.60     0.60     1.40
   0.333   0.333   0.920        25    100000      2148    13.26    89.42     0.07     0.60     0.60     1.40
   0.333   0.333   0.923        22    100000      2139    13.28    89.51     0.07     0.60     0.60     1.40
   0.333   0.333   0.925        30    100000      2141    13.30    89.60     0.07     0.60     0.60     1.40
   0.333   0.333   0.928        25    100000      2133    13.32    89.68     0.07     0.60     0.60     1.40
   0.333   0.333   0.930        30    100000      2123    13.34    89.77     0.07     0.60     0.60     1.40
   0.333   0.333   0.933        29    100000      2127    13.36    89.86     0.07     0.60     0.60     1.40
   0.333   0.333   0.935        25    100000      2127    13.36    89.94     0.07     0.60     0.60     1.40
   0.333   0.333   0.938        19    100000      2149    13.39    90.03     0.07     0.60     0.60     1.40
   0.333   0.333   0.940        28    100000      2137    13.41    90.11     0.07     0.60     0.60     1.40
   0.333   0.333   0.942        25    100000      2136    13.43    90.20     0.07     0.60     0.60     1.40
   0.333   0.333   0.945        21    100000      2138    13.45    90.29     0.07     0.60     0.60     1.40
   0.333   0.333   0.947        27    100000      2129    13.47    90.37     0.07     0.60     0.60     1.40
   0.333   0.333   0.950        25    100000      2136    13.49    90.46     0.07     0.60     0.60     1.40
   0.333   0.333   0.952        30    100000      2145    13.51    90.54     0.07     0.60     0.60     1.40
   0.333   0.333   0.955        22    100000      2147    13.53    90.63     0.07     0.60     0.60     1.40
   0.333   0.333   0.957        26    100000      2138    13.55    90.71     0.07     0.60     0.60     1.40
   0.333   0.333   0.960        24    100000      2137    13.57    90.79     0.07     0.60     0.60     1.40
   0.333   0.333   0.962        32    100000      2129    13.59    90.88     0.07     0.60     0.60     1.40
   0.333   0.333   0.965        27    100000      2131    13.61    90.96     0.07     0.60     0.60     1.40
   0.333   0.333   0.967        21    100000      2135    13.61    91.04     0.07     0.60     0.60     1.40
   0.333   0.333   0.970        29    100000      2135    13.64    91.13     0.07     0.60     0.60     1.40
   0.333   0.333   0.972        39    100000      2143    13.66    91.21     0.07     0.60     0.60     1.40
   0.333   0.333   0.975        38    100000      2128    13.68    91.29     0.07     0.60     0.60     1.40
   0.333   0.333   0.977        51    100000      2133    13.70    91.38     0.07     0.60     0.60     1.40
   0.333   0.333   0.980        60    100000      2139    13.72    91.46     0.07     0.60     0.60     1.40
   0.333   0.333   0.982        62    100000      2135    13.74    91.54     0.07     0.60     0.60     1.40
   0.333   0.333   0.985        82    100000      2135    13.76    91.62     0.07     0.60     0.60     1.40
   0.333   0.333   0.987       152    100000      2127    13.78    91.70     0.07     0.60     0.60     1.40
   0.333   0.333   0.990       169    100000      2129    13.80    91.79     0.07     0.60     0.60     1.40
   0.333   0.333   0.992       232    100000      2158    13.82    91.87     0.07     0.60     0.60     1.40
   0.333   0.333   0.995       253    100000      2145    13.84    91.95     0.07     0.60     0.60     1.40
   0.333   0.333   0.998       248    100000      2151    13.86    92.03     0.07     0.60     0.60     1.40
   0.333   0.333   1.000       246    100000      2130    13.88    92.11     0.07     0.60     0.60     1.40
   0.333   0.333   1.003       213    100000      2141    13.90    92.18     0.07     0.60     0.60     1.40
   0.333   0.333   1.005       174    100000      2136    13.92    92.27     0.07     0.60     0.60     1.40
   0.333   0.333   1.007       119    100000      2125    13.94    92.35     0.07     0.60     0.60     1.40
   0.333   0.333   1.010        93    100000      2133    13.96    92.43     0.07     0.60     0.60     1.40
   0.333   0.333   1.013        71    100000      2139    13.98    92.51     0.07     0.60     0.60     1.40
   0.333   0.333   1.015        51    100000      2146    14.00    92.59     0.05     0.60     0.60     1.40
   0.333   0.333   1.017        54    100000      2136    14.02    92.67     0.05     0.60     0.60     1.40
   0.333   0.333   1.020        34    100000      2123    14.04    92.75     0.05     0.60     0.60     1.40
   0.333   0.333   1.023        41    100000      2149    14.06    92.82     0.05     0.60     0.60     1.40
   0.333   0.333   1.025        42    100000      2137    14.08    92.91     0.05     0.60     0.60     1.40
   0.333   0.333   1.027        35    100000      2139    14.10    92.99     0.05     0.60     0.60     1.40
   0.333   0.333   1.030        38    100000      2143    14.12    93.07     0.05     0.60     0.60     1.40
   0.333   0.333   1.033        27    100000      2140    14.14    93.15     0.05     0.60     0.60     1.40
   0.333   0.333   1.035        27    100000      2150    14.16    93.22     0.05     0.60     0.60     1.40
   0.333   0.333   1.037        24    100000      2152    14.18    93.30     0.05     0.60     0.60     1.40
   0.333   0.333   1.040        25    100000      2140    14.20    93.38     0.05     0.60     0.60     1.40
   0.333   0.333   1.043        19    100000      2127    14.22    93.46     0.05     0.60     0.60     1.40
   0.333   0.333   1.045        24    100000      2141    14.24    93.54     0.05     0.60     0.60     1.40
   0.333   0.333   1.048        26    100000      2135    14.26    93.61     0.05     0.60     0.60     1.40
   0.333   0.333   1.050        34    100000      2138    14.28    93.69     0.05     0.60     0.60     1.40
   0.333   0.333   1.053        22    100000      2136    14.30    93.77     0.05     0.60     0.60     1.40
   0.333   0.333   1.055        26    100000      2128    14.32    93.85     0.05     0.60     0.60     1.40
   0.333   0.333   1.058        21    100000      2139    14.34    93.92     0.05     0.60     0.60     1.40
   0.333   0.333   1.060        39    100000      2138    14.36    93.99     0.05     0.60     0.60     1.40
   0.333   0.333   1.062        31    100000      2129    14.38    94.07     0.05     0.60     0.60     1.40
   0.333   0.333   1.065        22    100000      2143    14.40    94.15     0.05     0.60     0.60     1.40
   0.333   0.333   1.067        27    100000      2138    14.42    94.23     0.05     0.60     0.60     1.40
   0.333   0.333   1.070        33    100000      2143    14.44    94.30     0.05     0.60     0.60     1.40
   0.333   0.333   1.072        34    100000      2134    14.46    94.38     0.05     0.60     0.60     1.40
   0.333   0.333   1.075        28    100000      2124    14.48    94.45     0.05     0.60     0.60     1.40
   0.333   0.333   1.077        35    100000      2143    14.50    94.53     0.05     0.60     0.60     1.40
   0.333   0.333   1.080        21    100000      2128    14.52    94.60     0.05     0.60     0.60     1.40
   0.333   0.333   1.082        26    100000      2138    14.54    94.68     0.05     0.60     0.60     1.40
   0.333   0.333   1.085        25    100000      2149    14.56    94.75     0.05     0.60     0.60     1.40
   0.333   0.333   1.087        26    100000      2137    14.58    94.83     0.05     0.60     0.60     1.40
   0.333   0.333   1.090        19    100000      2131    14.60    94.90     0.05     0.60     0.60     1.40
   0.333   0.333   1.092        20    100000      2139    14.62    94.98     0.05     0.60     0.60     1.40
   0.333   0.333   1.095        31    100000      2138    14.64    95.05     0.05     0.60     0.60     1.40
   0.333   0.333   1.097        32    100000      2132    14.66    95.13     0.05     0.60     0.60     1.40
   0.333   0.333   1.100        28    100000      2140    14.68    95.20     0.05     0.60     0.60     1.40
   0.333   0.333   1.102        30    100000      2156    14.70    95.27     0.05     0.60     0.60     1.40
   0.333   0.333   1.105        23    100000      2129    14.72    95.35     0.05     0.60     0.60     1.40
   0.333   0.333   1.107        20    100000      2121    14.74    95.42     0.05     0.60     0.60     1.40
   0.333   0.333   1.110        27    100000      2138    14.77    95.49     0.05     0.60     0.60     1.40
   0.333   0.333   1.112        16    100000      2141    14.79    95.57     0.05     0.60     0.60     1.40
   0.333   0.333   1.115        25    100000      2138    14.81    95.64     0.05     0.60     0.60     1.40
   0.333   0.333   1.118        29    100000      2129    14.83    95.71     0.05     0.60     0.60     1.40
   0.333   0.333   1.120        37    100000      2147    14.85    95.78     0.05     0.60     0.60     1.40
   0.333   0.333   1.122        20    100000      2130    14.87    95.86     0.05     0.60     0.60     1.40
   0.333   0.333   1.125        33    100000      2146    14.89    95.93     0.05     0.60     0.60     1.40
   0.333   0.333   1.128        25    100000      2133    14.91    96.00     0.05     0.60     0.60     1.40
   0.333   0.333   1.130        16    100000      2135    14.93    96.07     0.05     0.60     0.60     1.40
   0.333   0.333   1.132        31    100000      2138    14.95    96.14     0.05     0.60     0.60     1.40
   0.333   0.333   1.135        27    100000      2138    14.97    96.22     0.05     0.60     0.60     1.40
   0.333   0.333   1.138        33    100000      2151    14.99    96.29     0.05     0.61     0.60     1.40
   0.333   0.333   1.140        25    100000      2143    15.01    96.36     0.05     0.61     0.60     1.40
   0.333   0.333   1.142        27    100000      2132    15.03    96.43     0.05     0.61     0.60     1.40
   0.333   0.333   1.145        25    100000      2143    15.05    96.50     0.05     0.61     0.60     1.40
   0.333   0.333   1.148        35    100000      2137    15.08    96.57     0.05     0.60     0.60     1.40
   0.333   0.333   1.150        24    100000      2141    15.10    96.64     0.05     0.60     0.60     1.40
   0.333   0.333   1.152        25    100000      2153    15.12    96.71     0.05     0.60     0.60     1.40
   0.333   0.333   1.155        26    100000      2140    15.14    96.78     0.05     0.60     0.60     1.40
   0.333   0.333   1.158        24    100000      2146    15.16    96.85     0.05     0.60     0.60     1.40
   0.333   0.333   1.160        32    100000      2134    15.18    96.92     0.05     0.60     0.60     1.40
   0.333   0.333   1.162        31    100000      2141    15.20    96.99     0.05     0.61     0.60     1.40
   0.333   0.333   1.165        27    100000      2146    15.22    97.06     0.05     0.61     0.60     1.40
   0.333   0.333   1.168        23    100000      2149    15.24    97.13     0.05     0.60     0.60     1.40
   0.333   0.333   1.170        26    100000      2129    15.26    97.20     0.05     0.60     0.60     1.40
   0.333   0.333   1.173        21    100000      2128    15.28    97.27     0.05     0.60     0.60     1.40
   0.333   0.333   1.175        19    100000      2139    15.31    97.34     0.05     0.60     0.60     1.40
   0.333   0.333   1.178        37    100000      2154    15.33    97.41     0.05     0.61     0.60     1.40
   0.333   0.333   1.180        18    100000      2141    15.35    97.48     0.05     0.61     0.60     1.40
   0.333   0.333   1.183        21    100000      2137    15.37    97.54     0.05     0.60     0.60     1.40
   0.333   0.333   1.185        24    100000      2130    15.39    97.61     0.05     0.60     0.60     1.40
   0.333   0.333   1.188        20    100000      2138    15.41    97.68     0.05     0.60     0.60     1.40
   0.333   0.333   1.190        26    100000      2135    15.43    97.75     0.05     0.60     0.60     1.40
   0.333   0.333   1.192        16    100000      2134    15.45    97.82     0.05     0.60     0.60     1.40
   0.333   0.333   1.195        27    100000      2135    15.47    97.89     0.05     0.60     0.60     1.40
   0.333   0.333   1.197        31    100000      2147    15.50    97.95     0.05     0.60     0.60     1.40
   0.333   0.333   1.200        35    100000      2123    15.52    98.02     0.05     0.60     0.60     1.40
   0.333   0.333   1.202        24    100000      2132    15.54    98.09     0.05     0.61     0.60     1.40
   0.333   0.333   1.205        29    100000      2120    15.56    98.16     0.05     0.61     0.60     1.40
   0.333   0.333   1.207        29    100000      2133    15.58    98.22     0.05     0.60     0.60     1.40
   0.333   0.333   1.210        29    100000      2125    15.60    98.29     0.05     0.60     0.60     1.40
   0.333   0.333   1.212        20    100000      2127    15.62    98.36     0.05     0.60     0.60     1.40
   0.333   0.333   1.215        23    100000      2142    15.64    98.42     0.05     0.60     0.60     1.40
   0.333   0.333   1.217        25    100000      2132    15.67    98.49     0.05     0.60     0.60     1.40
   0.333   0.333   1.220        30    100000      2149    15.69    98.56     0.05     0.60     0.60     1.40
   0.333   0.333   1.222        28    100000      2151    15.71    98.62     0.05     0.61     0.60     1.40
   0.333   0.333   1.225        28    100000      2142    15.73    98.69     0.05     0.61     0.60     1.40
   0.333   0.333   1.227        20    100000      2136    15.75    98.75     0.05     0.60     0.60     1.40
   0.333   0.333   1.230        21    100000      2125    15.77    98.82     0.05     0.60     0.60     1.40
   0.333   0.333   1.232        27    100000      2136    15.79    98.89     0.05     0.60     0.60     1.40
   0.333   0.333   1.235        27    100000      2141    15.81    98.95     0.05     0.60     0.60     1.40
   0.333   0.333   1.237        25    100000      2140    15.84    99.02     0.05     0.60     0.60     1.40
   0.333   0.333   1.240        28    100000      2144    15.86    99.08     0.05     0.60     0.60     1.40
   0.333   0.333   1.243        21    100000      2125    15.88    99.15     0.03     0.60     0.60     1.40
   0.333   0.333   1.245        28    100000      2150    15.90    99.21     0.03     0.60     0.60     1.40
   0.333   0.333   1.247        25    100000      2137    15.92    99.28     0.03     0.60     0.60     1.40
   0.333   0.333   1.250        28    100000      2132    15.94    99.34     0.03     0.60     0.60     1.40
   0.333   0.333   1.253        19    100000      2144    15.97    99.41     0.03     0.60     0.60     1.40
   0.333   0.333   1.255        25    100000      2152    15.99    99.47     0.03     0.60     0.60     1.40
   0.333   0.333   1.257        22    100000      2137    16.01    99.53     0.03     0.60     0.60     1.40
   0.333   0.333   1.260        29    100000      2138    16.03    99.60     0.03     0.60     0.60     1.40
   0.333   0.333   1.263        19    100000      2138    16.05    99.66     0.03     0.60     0.60     1.40
   0.333   0.333   1.265        28    100000      2143    16.07    99.73     0.03     0.60     0.60     1.40
   0.333   0.333   1.267        24    100000      2138    16.09    99.79     0.03     0.60     0.60     1.40
   0.333   0.333   1.270        27    100000      2143    16.12    99.85     0.03     0.60     0.60     1.40
   0.333   0.333   1.273        33    100000      2148    16.14    99.92     0.03     0.60     0.60     1.40
   0.333   0.333   1.275        32    100000      2135    16.16    99.98     0.03     0.60     0.60     1.40
   0.333   0.333   1.277        33    100000      2156    16.18   100.04     0.03     0.60     0.60     1.40
   0.333   0.333   1.280        31    100000      2147    16.20   100.11     0.03     0.60     0.60     1.40
   0.333   0.333   1.283        31    100000      2141    16.21   100.17     0.03     0.60     0.60     1.40
   0.333   0.333   1.285        24    100000      2139    16.25   100.23     0.03     0.60     0.60     1.40
   0.333   0.333   1.287        29    100000      2110    16.27   100.30     0.03     0.60     0.60     1.40
   0.333   0.333   1.290        22    100000      2122    16.29   100.36     0.03     0.60     0.60     1.40
   0.333   0.333   1.293        25    100000      2142    16.31   100.42     0.03     0.60     0.60     1.40
   0.333   0.333   1.295        30    100000      2135    16.33   100.48     0.03     0.60     0.60     1.40
   0.333   0.333   1.297        19    100000      2146    16.35   100.55     0.03     0.60     0.60     1.40
   0.333   0.333   1.300        32    100000      2147    16.38   100.61     0.03     0.60     0.60     1.40
   0.333   0.333   1.303        28    100000      2129    16.40   100.67     0.03     0.60     0.60     1.40
   0.333   0.333   1.305        26    100000      2128    16.42   100.73     0.03     0.60     0.60     1.40
   0.333   0.333   1.308        32    100000      2153    16.44   100.79     0.03     0.60     0.60     1.40
   0.333   0.333   1.310        28    100000      2138    16.46   100.85     0.03     0.60     0.60     1.40
   0.333   0.333   1.312        24    100000      2139    16.49   100.92     0.03     0.60     0.60     1.40
   0.333   0.333   1.315        27    100000      2142    16.51   100.98     0.03     0.60     0.60     1.40
   0.333   0.333   1.317        29    100000      2136    16.53   101.04     0.03     0.60     0.60     1.40
   0.333   0.333   1.320        17    100000      2134    16.55   101.10     0.03     0.60     0.60     1.40
   0.333   0.333   1.322        31    100000      2143    16.57   101.16     0.03     0.60     0.60     1.40
   0.333   0.333   1.325        18    100000      2145    16.59   101.22     0.03     0.60     0.60     1.40
   0.333   0.333   1.327        24    100000      2156    16.62   101.28     0.03     0.60     0.60     1.40
   0.333   0.333   1.330        28    100000      2135    16.64   101.34     0.03     0.60     0.60     1.40
   0.333   0.333   1.332        37    100000      2132    16.66   101.40     0.03     0.60     0.60     1.40
   0.333   0.333   1.335        29    100000      2129    16.68   101.46     0.03     0.60     0.60     1.40
   0.333   0.333   1.337        31    100000      2145    16.70   101.52     0.03     0.60     0.60     1.40
   0.333   0.333   1.340        24    100000      2137    16.73   101.58     0.03     0.60     0.60     1.40
   0.333   0.333   1.342        26    100000      2125    16.75   101.64     0.03     0.60     0.60     1.40
   0.333   0.333   1.345        23    100000      2129    16.77   101.70     0.03     0.60     0.60     1.40
   0.333   0.333   1.347        27    100000      2142    16.79   101.76     0.03     0.60     0.60     1.40
   0.333   0.333   1.350        23    100000      2145    16.81   101.82     0.03     0.60     0.60     1.40
   0.333   0.333   1.352        23    100000      2154    16.84   101.88     0.03     0.60     0.60     1.40
   0.333   0.333   1.355        22    100000      2142    16.86   101.94     0.03     0.60     0.60     1.40
   0.333   0.333   1.357        27    100000      2140    16.88   102.00     0.03     0.60     0.60     1.40
   0.333   0.333   1.360        29    100000      2133    16.90   102.06     0.03     0.60     0.60     1.40
   0.333   0.333   1.362        21    100000      2142    16.92   102.12     0.03     0.60     0.60     1.40
   0.333   0.333   1.365        17    100000      2149    16.95   102.18     0.03     0.60     0.60     1.40
   0.333   0.333   1.368        24    100000      2154    16.96   102.24     0.03     0.60     0.60     1.40
   0.333   0.333   1.370        30    100000      2138    16.99   102.29     0.03     0.60     0.60     1.40
   0.333   0.333   1.372        24    100000      2140    17.01   102.35     0.03     0.60     0.60     1.40
   0.333   0.333   1.375        17    100000      2124    17.04   102.41     0.03     0.60     0.60     1.40
   0.333   0.333   1.378        29    100000      2146    17.06   102.47     0.03     0.60     0.60     1.40
   0.333   0.333   1.380        28    100000      2142    17.08   102.53     0.03     0.60     0.60     1.40
   0.333   0.333   1.382        27    100000      2138    17.10   102.59     0.03     0.60     0.60     1.40
   0.333   0.333   1.385        26    100000      2132    17.12   102.64     0.03     0.60     0.60     1.40
   0.333   0.333   1.388        26    100000      2131    17.15   102.70     0.03     0.60     0.60     1.40
   0.333   0.333   1.390        27    100000      2144    17.17   102.76     0.03     0.60     0.60     1.40
   0.333   0.333   1.392        19    100000      2138    17.19   102.82     0.03     0.60     0.60     1.40
   0.333   0.333   1.395        32    100000      2142    17.21   102.87     0.03     0.60     0.60     1.40
   0.333   0.333   1.398        35    100000      2133    17.24   102.93     0.03     0.60     0.60     1.40
   0.333   0.333   1.400        34    100000      2146    17.26   102.99     0.03     0.60     0.60     1.40
   0.333   0.333   1.402        18    100000      2143    17.28   103.05     0.03     0.60     0.60     1.40
   0.333   0.333   1.405        22    100000      2132    17.30   103.10     0.03     0.60     0.60     1.40
   0.333   0.333   1.408        31    100000      2124    17.32   103.16     0.03     0.60     0.60     1.40
   0.333   0.333   1.410        26    100000      2153    17.35   103.22     0.03     0.60     0.60     1.40
   0.333   0.333   1.412        31    100000      2135    17.37   103.27     0.03     0.60     0.60     1.40
   0.333   0.333   1.415        24    100000      2137    17.39   103.33     0.03     0.60     0.60     1.40
   0.333   0.333   1.418        21    100000      2151    17.41   103.39     0.03     0.60     0.60     1.40
   0.333   0.333   1.420        27    100000      2140    17.44   103.44     0.03     0.60     0.60     1.40
   0.333   0.333   1.422        20    100000      2138    17.46   103.50     0.03     0.60     0.60     1.40
   0.333   0.333   1.425        15    100000      2139    17.48   103.55     0.03     0.60     0.60     1.40
   0.333   0.333   1.428        31    100000      2150    17.50   103.61     0.03     0.60     0.60     1.40
   0.333   0.333   1.430        31    100000      2139    17.53   103.67     0.03     0.60     0.60     1.40
   0.333   0.333   1.433        17    100000      2127    17.55   103.72     0.03     0.60     0.60     1.40
   0.333   0.333   1.435        18    100000      2147    17.57   103.78     0.03     0.60     0.60     1.40
   0.333   0.333   1.438        27    100000      2148    17.59   103.83     0.03     0.60     0.60     1.40
   0.333   0.333   1.440        25    100000      2133    17.62   103.89     0.03     0.60     0.60     1.40
   0.333   0.333   1.442        22    100000      2130    17.64   103.94     0.03     0.60     0.60     1.40
   0.333   0.333   1.445        29    100000      2150    17.66   104.00     0.03     0.60     0.60     1.40
   0.333   0.333   1.447        33    100000      2140    17.68   104.05     0.03     0.60     0.60     1.40
   0.333   0.333   1.450        24    100000      2140    17.71   104.11     0.03     0.60     0.60     1.40
   0.333   0.333   1.452        29    100000      2125    17.73   104.16     0.03     0.60     0.60     1.40
   0.333   0.333   1.455        32    100000      2140    17.75   104.22     0.03     0.60     0.60     1.40
   0.333   0.333   1.457        24    100000      2142    17.77   104.27     0.03     0.60     0.60     1.40
   0.333   0.333   1.460        25    100000      2145    17.80   104.33     0.03     0.60     0.60     1.40
   0.333   0.333   1.462        25    100000      2145    17.82   104.38     0.03     0.60     0.60     1.40
   0.333   0.333   1.465        28    100000      2152    17.84   104.44     0.03     0.60     0.60     1.40
   0.333   0.333   1.467        27    100000      2146    17.86   104.49     0.03     0.60     0.60     1.40
   0.333   0.333   1.470        16    100000      2141    17.89   104.55     0.03     0.60     0.60     1.40
   0.333   0.333   1.472        23    100000      2132    17.91   104.60     0.01     0.60     0.60     1.40
   0.333   0.333   1.475        30    100000      2138    17.93   104.65     0.01     0.60     0.60     1.40
   0.333   0.333   1.477        32    100000      2143    17.95   104.71     0.01     0.60     0.60     1.40
   0.333   0.333   1.480        27    100000      2132    17.98   104.76     0.01     0.60     0.60     1.40
   0.333   0.333   1.482        34    100000      2131    18.00   104.82     0.01     0.60     0.60     1.40
   0.333   0.333   1.485        31    100000      2129    18.02   104.87     0.01     0.60     0.60     1.40
   0.333   0.333   1.487        24    100000      2144    18.04   104.92     0.01     0.60     0.60     1.40
   0.333   0.333   1.490        31    100000      2141    18.07   104.98     0.01     0.60     0.60     1.40
   0.333   0.333   1.493        22    100000      2132    18.09   105.03     0.01     0.60     0.60     1.40
   0.333   0.333   1.495        34    100000      2128    18.11   105.08     0.01     0.60     0.60     1.40
   0.333   0.333   1.497        21    100000      2129    18.14   105.14     0.01     0.60     0.60     1.40
   0.333   0.333   1.500        29    100000      2141    18.16   105.19     0.01     0.60     0.60     1.40
