   0.333   0.333   0.500        22    100000      2146    10.52    71.37     0.11     0.90     0.92     0.80
   0.333   0.333   0.502        27    100000      2139    10.53    71.51     0.11     0.91     0.92     0.80
   0.333   0.333   0.505        20    100000      2135    10.55    71.64     0.11     0.91     0.92     0.80
   0.333   0.333   0.507        19    100000      2133    10.57    71.77     0.11     0.92     0.92     0.80
   0.333   0.333   0.510        19    100000      2138    10.57    71.89     0.11     0.92     0.92     0.80
   0.333   0.333   0.512        29    100000      2143    10.59    72.03     0.11     0.93     0.92     0.80
   0.333   0.333   0.515        24    100000      2135    10.61    72.15     0.11     0.93     0.92     0.80
   0.333   0.333   0.517        21    100000      2130    10.61    72.27     0.11     0.93     0.92     0.80
   0.333   0.333   0.520        26    100000      2136    10.63    72.41     0.11     0.93     0.92     0.80
   0.333   0.333   0.522        24    100000      2120    10.65    72.53     0.11     0.91     0.92     0.80
   0.333   0.333   0.525        23    100000      2137    10.65    72.67     0.11     0.91     0.92     0.80
   0.333   0.333   0.527        25    100000      2134    10.67    72.79     0.11     0.90     0.92     0.80
   0.333   0.333   0.530        18    100000      2138    10.69    72.92     0.11     0.90     0.92     0.80
   0.333   0.333   0.533        23    100000      2139    10.69    73.04     0.11     0.89     0.92     0.80
   0.333   0.333   0.535        22    100000      2134    10.71    73.17     0.11     0.89     0.92     0.80
   0.333   0.333   0.538        34    100000      2137    10.73    73.29     0.11     0.89     0.92     0.80
   0.333   0.333   0.540        21    100000      2146    10.73    73.41     0.11     0.89     0.92     0.80
   0.333   0.333   0.543        23    100000      2153    10.75    73.54     0.11     0.89     0.92     0.80
   0.333   0.333   0.545        22    100000      2125    10.77    73.67     0.11     0.89     0.92     0.80
   0.333   0.333   0.548        34    100000      2137    10.77    73.79     0.11     0.89     0.92     0.80
   0.333   0.333   0.550        21    100000      2135    10.80    73.91     0.11     0.89     0.92     0.80
   0.333   0.333   0.553        23    100000      2146    10.80    74.03     0.11     0.89     0.92     0.80
   0.333   0.333   0.555        25    100000      2132    10.82    74.17     0.11     0.89     0.92     0.80
   0.333   0.333   0.558        26    100000      2145    10.84    74.29     0.09     0.90     0.92     0.80
   0.333   0.333   0.560        26    100000      2112    10.84    74.41     0.09     0.90     0.92     0.80
   0.333   0.333   0.562        29    100000      2125    10.87    74.54     0.09     0.92     0.92     0.80
   0.333   0.333   0.565        23    100000      2138    10.87    74.66     0.09     0.91     0.92     0.80
   0.333   0.333   0.567        30    100000      2152    10.89    74.78     0.09     0.91     0.92     0.80
   0.333   0.333   0.570        27    100000      2142    10.91    74.90     0.09     0.91     0.92     0.80
   0.333   0.333   0.572        14    100000      2143    10.91    75.03     0.09     0.91     0.92     0.80
   0.333   0.333   0.575        22    100000      2128    10.94    75.15     0.09     0.90     0.92     0.80
   0.333   0.333   0.577        28    100000      2136    10.94    75.27     0.09     0.90     0.92     0.80
   0.333   0.333   0.580        23    100000      2136    10.96    75.39     0.09     0.88     0.92     0.80
   0.333   0.333   0.582        25    100000      2138    10.98    75.51     0.09     0.88     0.92     0.80
   0.333   0.333   0.585        26    100000      2147    10.98    75.63     0.09     0.90     0.92     0.80
   0.333   0.333   0.587        28    100000      2140    11.01    75.75     0.09     0.90     0.92     0.80
   0.333   0.333   0.590        26    100000      2135    11.01    75.87     0.09     0.91     0.92     0.80
   0.333   0.333   0.592        31    100000      2132    11.04    75.99     0.09     0.91     0.92     0.80
   0.333   0.333   0.595        20    100000      2136    11.04    76.11     0.09     0.92     0.92     0.80
   0.333   0.333   0.597        24    100000      2121    11.07    76.23     0.09     0.92     0.92     0.80
   0.333   0.333   0.600        32    100000      2145    11.07    76.35     0.09     0.91     0.92     0.80
   0.333   0.333   0.603        24    100000      2148    11.10    76.46     0.09     0.91     0.92     0.80
   0.333   0.333   0.605        20    100000      2125    11.10    76.58     0.09     0.91     0.92     0.80
   0.333   0.333   0.608        32    100000      2122    11.13    76.70     0.09     0.91     0.92     0.80
   0.333   0.333   0.610        18    100000      2119    11.13    76.82     0.09     0.90     0.92     0.80
   0.333   0.333   0.613        25    100000      2129    11.16    76.93     0.09     0.90     0.92     0.80
   0.333   0.333   0.615        22    100000      2127    11.16    77.05     0.09     0.89     0.92     0.80
   0.333   0.333   0.618        29    100000      2131    11.19    77.17     0.09     0.89     0.92     0.80
   0.333   0.333   0.620        35    100000      2143    11.19    77.29     0.09     0.88     0.92     0.80
   0.333   0.333   0.623        19    100000      2126    11.22    77.39     0.09     0.88     0.92     0.80
   0.333   0.333   0.625        27    100000      2140    11.22    77.52     0.09     0.88     0.92     0.80
   0.333   0.333   0.627        20    100000      2133    11.25    77.63     0.09     0.88     0.92     0.80
   0.333   0.333   0.630        26    100000      2134    11.25    77.75     0.09     0.88     0.92     0.80
   0.333   0.333   0.632        27    100000      2145    11.28    77.87     0.09     0.88     0.92     0.80
   0.333   0.333   0.635        20    100000      2129    11.28    77.98     0.09     0.89     0.92     0.80
   0.333   0.333   0.637        28    100000      2139    11.31    78.09     0.09     0.89     0.92     0.80
   0.333   0.333   0.640        22    100000      2138    11.31    78.21     0.09     0.89     0.92     0.80
   0.333   0.333   0.642        27    100000      2127    11.34    78.32     0.09     0.89     0.92     0.80
   0.333   0.333   0.645        20    100000      2143    11.34    78.44     0.09     0.88     0.92     0.80
   0.333   0.333   0.647        30    100000      2142    11.37    78.54     0.09     0.88     0.92     0.80
   0.333   0.333   0.650        35    100000      2141    11.37    78.65     0.09     0.88     0.92     0.80
   0.333   0.333   0.653        23    100000      2131    11.40    78.77     0.09     0.88     0.92     0.80
   0.333   0.333   0.655        23    100000      2125    11.42    78.89     0.09     0.88     0.92     0.80
   0.333   0.333   0.658        31    100000      2138    11.42    79.00     0.09     0.88     0.92     0.80
   0.333   0.333   0.660        43    100000      2145    11.45    79.11     0.09     0.88     0.92     0.80
   0.333   0.333   0.663        23    100000      2142    11.45    79.22     0.09     0.88     0.92     0.80
   0.333   0.333   0.665        33    100000      2127    11.48    79.34     0.09     0.88     0.92     0.80
   0.333   0.333   0.668        33    100000      2127    11.48    79.45     0.09     0.88     0.92     0.80
   0.333   0.333   0.670        24    100000      2120    11.51    79.55     0.09     0.89     0.92     0.80
   0.333   0.333   0.673        34    100000      2130    11.53    79.67     0.09     0.89     0.92     0.80
   0.333   0.333   0.675        22    100000      2133    11.53    79.78     0.09     0.89     0.92     0.80
   0.333   0.333   0.678        31    100000      2125    11.56    79.89     0.09     0.89     0.92     0.80
   0.333   0.333   0.680        38    100000      2125    11.56    79.99     0.09     0.90     0.92     0.80
   0.333   0.333   0.683        29    100000      2153    11.59    80.11     0.09     0.90     0.92     0.80
   0.333   0.333   0.685        25    100000      2158    11.61    80.22     0.09     0.92     0.92     0.80
   0.333   0.333   0.688        22    100000      2143    11.61    80.33     0.09     0.92     0.92     0.80
   0.333   0.333   0.690        26    100000      2142    11.64    80.44     0.09     0.93     0.92     0.80
   0.333   0.333   0.692        20    100000      2137    11.64    80.55     0.09     0.93     0.92     0.80
   0.333   0.333   0.695        29    100000      2132    11.67    80.66     0.09     0.94     0.92     0.80
   0.333   0.333   0.697        35    100000      2129    11.69    80.76     0.09     0.94     0.92     0.80
   0.333   0.333   0.700        24    100000      2141    11.69    80.87     0.09     0.92     0.92     0.80
   0.333   0.333   0.702        28    100000      2132    11.72    80.98     0.09     0.92     0.92     0.80
   0.333   0.333   0.705        22    100000      2134    11.74    81.09     0.09     0.90     0.92     0.80
   0.333   0.333   0.707        24    100000      2140    11.74    81.19     0.09     0.90     0.92     0.80
   0.333   0.333   0.710        17    100000      2142    11.77    81.29     0.09     0.89     0.92     0.80
   0.333   0.333   0.712        22    100000      2123    11.79    81.41     0.09     0.89     0.92     0.80
   0.333   0.333   0.715        26    100000      2128    11.79    81.51     0.09     0.90     0.92     0.80
   0.333   0.333   0.717        19    100000      2145    11.82    81.61     0.09     0.90     0.92     0.80
   0.333   0.333   0.720        34    100000      2131    11.82    81.73     0.09     0.90     0.92     0.80
   0.333   0.333   0.722        25    100000      2150    11.85    81.83     0.09     0.90     0.92     0.80
   0.333   0.333   0.725        23    100000      2146    11.87    81.94     0.09     0.90     0.92     0.80
   0.333   0.333   0.727        25    100000      2127    11.87    82.04     0.09     0.89     0.92     0.80
   0.333   0.333   0.730        24    100000      2141    11.90    82.15     0.09     0.89     0.92     0.80
   0.333   0.333   0.733        19    100000      2125    11.92    82.25     0.09     0.89     0.92     0.80
   0.333   0.333   0.735        26    100000      2122    11.92    82.35     0.09     0.89     0.92     0.80
   0.333   0.333   0.738        19    100000      2119    11.95    82.45     0.09     0.89     0.92     0.80
   0.333   0.333   0.740        20    100000      2138    11.97    82.57     0.09     0.89     0.92     0.80
   0.333   0.333   0.743        30    100000      2138    11.99    82.67     0.09     0.89     0.92     0.80
   0.333   0.333   0.745        19    100000      2132    11.99    82.77     0.09     0.89     0.92     0.80
   0.333   0.333   0.748        20    100000      2124    12.02    82.88     0.09     0.89     0.92     0.80
   0.333   0.333   0.750        30    100000      2137    12.04    82.98     0.09     0.89     0.92     0.80
   0.333   0.333   0.752        25    100000      2132    12.04    83.08     0.09     0.89     0.92     0.80
   0.333   0.333   0.755        32    100000      2127    12.07    83.18     0.09     0.89     0.92     0.80
   0.333   0.333   0.757        23    100000      2141    12.09    83.29     0.09     0.89     0.92     0.80
   0.333   0.333   0.760        18    100000      2145    12.09    83.39     0.09     0.89     0.92     0.80
   0.333   0.333   0.762        36    100000      2142    12.12    83.49     0.09     0.90     0.92     0.80
   0.333   0.333   0.765        31    100000      2145    12.14    83.59     0.09     0.90     0.92     0.80
   0.333   0.333   0.767        19    100000      2133    12.16    83.69     0.09     0.91     0.92     0.80
   0.333   0.333   0.770        25    100000      2139    12.16    83.79     0.09     0.91     0.92     0.80
   0.333   0.333   0.773        37    100000      2122    12.19    83.89     0.09     0.93     0.92     0.80
   0.333   0.333   0.775        32    100000      2145    12.21    83.99     0.09     0.93     0.92     0.80
   0.333   0.333   0.778        29    100000      2140    12.21    84.09     0.09     0.93     0.92     0.80
   0.333   0.333   0.780        29    100000      2129    12.24    84.19     0.09     0.93     0.92     0.80
   0.333   0.333   0.783        20    100000      2128    12.26    84.29     0.09     0.92     0.92     0.80
   0.333   0.333   0.785        25    100000      2127    12.28    84.39     0.07     0.92     0.92     0.80
   0.333   0.333   0.788        20    100000      2141    12.28    84.49     0.07     0.91     0.92     0.80
   0.333   0.333   0.790        21    100000      2131    12.31    84.59     0.07     0.91     0.92     0.80
   0.333   0.333   0.793        25    100000      2142    12.33    84.69     0.07     0.90     0.92     0.80
   0.333   0.333   0.795        28    100000      2132    12.35    84.79     0.07     0.90     0.92     0.80
   0.333   0.333   0.798        20    100000      2133    12.35    84.89     0.07     0.89     0.92     0.80
   0.333   0.333   0.800        26    100000      2140    12.38    84.98     0.07     0.89     0.92     0.80
   0.333   0.333   0.803        32    100000      2133    12.40    85.08     0.07     0.89     0.92     0.80
   0.333   0.333   0.805        28    100000      2143    12.42    85.18     0.07     0.89     0.92     0.80
   0.333   0.333   0.808        37    100000      2128    12.44    85.28     0.07     0.89     0.92     0.80
   0.333   0.333   0.810        35    100000      2130    12.44    85.38     0.07     0.89     0.92     0.80
   0.333   0.333   0.812        54    100000      2128    12.47    85.47     0.07     0.90     0.92     0.80
   0.333   0.333   0.815        75    100000      2123    12.49    85.57     0.07     0.90     0.92     0.80
   0.333   0.333   0.817        85    100000      2125    12.51    85.67     0.07     0.90     0.92     0.80
   0.333   0.333   0.820       100    100000      2143    12.51    85.76     0.07     0.90     0.92     0.80
   0.333   0.333   0.822       142    100000      2130    12.54    85.86     0.07     0.90     0.92     0.80
   0.333   0.333   0.825       171    100000      2125    12.56    85.95     0.07     0.90     0.92     0.80
   0.333   0.333   0.827       212    100000      2140    12.58    86.05     0.07     0.91     0.92     0.80
   0.333   0.333   0.830       215    100000      2143    12.60    86.14     0.07     0.91     0.92     0.80
   0.333   0.333   0.832       155    100000      2133    12.60    86.24     0.07     0.92     0.92     0.80
   0.333   0.333   0.835       124    100000      2135    12.63    86.33     0.07     0.92     0.92     0.80
   0.333   0.333   0.837        70    100000      2119    12.65    86.43     0.07     0.92     0.92     0.80
   0.333   0.333   0.840        52    100000      2124    12.67    86.51     0.07     0.92     0.92     0.80
   0.333   0.333   0.842        44    100000      2136    12.69    86.61     0.07     0.90     0.92     0.80
   0.333   0.333   0.845        37    100000      2147    12.69    86.71     0.07     0.90     0.92     0.80
   0.333   0.333   0.847        28    100000      2140    12.72    86.80     0.07     0.89     0.92     0.80
   0.333   0.333   0.850        19    100000      2138    12.74    86.90     0.07     0.89     0.92     0.80
   0.333   0.333   0.852        27    100000      2134    12.76    86.99     0.07     0.89     0.92     0.80
   0.333   0.333   0.855        27    100000      2150    12.78    87.08     0.07     0.89     0.92     0.80
   0.333   0.333   0.857        34    100000      2126    12.80    87.18     0.07     0.89     0.92     0.80
   0.333   0.333   0.860        32    100000      2127    12.80    87.27     0.07     0.89     0.92     0.80
   0.333   0.333   0.862        24    100000      2125    12.83    87.36     0.07     0.89     0.92     0.80
   0.333   0.333   0.865        27    100000      2118    12.85    87.45     0.07     0.89     0.92     0.80
   0.333   0.333   0.867        22    100000      2139    12.87    87.55     0.07     0.89     0.92     0.80
   0.333   0.333   0.870        30    100000      2142    12.89    87.64     0.07     0.89     0.92     0.80
   0.333   0.333   0.873        23    100000      2144    12.91    87.73     0.07     0.89     0.92     0.80
   0.333   0.333   0.875        25    100000      2137    12.91    87.82     0.07     0.89     0.92     0.80
   0.333   0.333   0.877        22    100000      2123    12.94    87.91     0.07     0.89     0.92     0.80
   0.333   0.333   0.880        26    100000      2138    12.96    88.00     0.07     0.89     0.92     0.80
   0.333   0.333   0.882        31    100000      2138    12.98    88.09     0.07     0.90     0.92     0.80
   0.333   0.333   0.885        24    100000      2131    13.00    88.18     0.07     0.90     0.92     0.80
   0.333   0.333   0.887        25    100000      2139    13.02    88.27     0.07     0.91     0.92     0.80
   0.333   0.333   0.890        21    100000      2130    13.04    88.35     0.07     0.91     0.92     0.80
   0.333   0.333   0.892        31    100000      2131    13.04    88.44     0.07     0.92     0.92     0.80
   0.333   0.333   0.895        23    100000      2137    13.07    88.54     0.07     0.92     0.92     0.80
   0.333   0.333   0.897        21    100000      2142    13.09    88.62     0.07     0.92     0.92     0.80
   0.333   0.333   0.900        19    100000      2128    13.11    88.71     0.07     0.92     0.92     0.80
   0.333   0.333   0.903        21    100000      2129    13.13    88.81     0.07     0.91     0.92     0.80
   0.333   0.333   0.905        31    100000      2139    13.15    88.90     0.07     0.91     0.92     0.80
   0.333   0.333   0.908        17    100000      2139    13.17    88.99     0.07     0.92     0.92     0.80
   0.333   0.333   0.910        29    100000      2137    13.19    89.07     0.07     0.92     0.92     0.80
   0.333   0.333   0.913        23    100000      2131    13.19    89.16     0.07     0.93     0.92     0.80
   0.333   0.333   0.915        20    100000      2138    13.22    89.25     0.07     0.93     0.92     0.80
   0.333   0.333   0.918        24    100000      2131    13.24    89.34     0.07     0.93     0.92     0.80
   0.333   0.333   0.920        20    100000      2121    13.26    89.42     0.07     0.93     0.92     0.80
   0.333   0.333   0.923        29    100000      2142    13.28    89.51     0.07     0.94     0.92     0.80
   0.333   0.333   0.925        25    100000      2124    13.30    89.60     0.07     0.94     0.92     0.80
   0.333   0.333   0.928        26    100000      2131    13.32    89.69     0.07     0.93     0.92     0.80
   0.333   0.333   0.930        24    100000      2148    13.34    89.77     0.07     0.93     0.92     0.80
   0.333   0.333   0.933        28    100000      2136    13.36    89.86     0.07     0.91     0.92     0.80
   0.333   0.333   0.935        24    100000      2124    13.36    89.94     0.07     0.91     0.92     0.80
   0.333   0.333   0.938        32    100000      2140    13.39    90.03     0.07     0.89     0.92     0.80
   0.333   0.333   0.940        24    100000      2138    13.41    90.11     0.07     0.89     0.92     0.80
   0.333   0.333   0.942        27    100000      2139    13.43    90.20     0.07     0.88     0.92     0.80
   0.333   0.333   0.945        14    100000      2136    13.45    90.29     0.07     0.88     0.92     0.80
   0.333   0.333   0.947        28    100000      2132    13.47    90.37     0.07     0.88     0.92     0.80
   0.333   0.333   0.950        24    100000      2144    13.49    90.46     0.07     0.88     0.92     0.80
   0.333   0.333   0.952        25    100000      2142    13.51    90.54     0.07     0.88     0.92     0.80
   0.333   0.333   0.955        16    100000      2144    13.53    90.63     0.07     0.88     0.92     0.80
   0.333   0.333   0.957        24    100000      2132    13.55    90.71     0.07     0.88     0.92     0.80
   0.333   0.333   0.960        32    100000      2126    13.57    90.79     0.07     0.88     0.92     0.80
   0.333   0.333   0.962        21    100000      2138    13.59    90.88     0.07     0.88     0.92     0.80
   0.333   0.333   0.965        29    100000      2125    13.61    90.96     0.07     0.88     0.92     0.80
   0.333   0.333   0.967        28    100000      2133    13.61    91.04     0.07     0.88     0.92     0.80
   0.333   0.333   0.970        25    100000      2136    13.64    91.13     0.07     0.88     0.92     0.80
   0.333   0.333   0.972        28    100000      2137    13.66    91.21     0.07     0.88     0.92     0.80
   0.333   0.333   0.975        29    100000      2141    13.68    91.29     0.07     0.88     0.92     0.80
   0.333   0.333   0.977        28    100000      2130    13.70    91.37     0.07     0.87     0.92     0.80
   0.333   0.333   0.980        24    100000      2133    13.72    91.46     0.07     0.87     0.92     0.80
   0.333   0.333   0.982        27    100000      2136    13.74    91.54     0.07     0.87     0.92     0.80
   0.333   0.333   0.985        22    100000      2129    13.76    91.62     0.07     0.87     0.92     0.80
   0.333   0.333   0.987        24    100000      2136    13.78    91.70     0.07     0.87     0.92     0.80
   0.333   0.333   0.990        27    100000      2136    13.80    91.79     0.07     0.87     0.92     0.80
   0.333   0.333   0.992        19    100000      2144    13.82    91.86     0.07     0.87     0.92     0.80
   0.333   0.333   0.995        27    100000      2130    13.84    91.95     0.07     0.87     0.92     0.80
   0.333   0.333   0.998        22    100000      2144    13.86    92.03     0.07     0.88     0.92     0.80
   0.333   0.333   1.000        21    100000      2128    13.88    92.11     0.07     0.88     0.92     0.80
   0.333   0.333   1.003        18    100000      2142    13.90    92.18     0.07     0.88     0.92     0.80
   0.333   0.333   1.005        20    100000      2137    13.92    92.27     0.07     0.88     0.92     0.80
   0.333   0.333   1.007        23    100000      2129    13.94    92.35     0.07     0.88     0.92     0.80
   0.333   0.333   1.010        23    100000      2145    13.96    92.43     0.07     0.88     0.92     0.80
   0.333   0.333   1.013        27    100000      2146    13.98    92.51     0.07     0.89     0.92     0.80
   0.333   0.333   1.015        28    100000      2129    14.00    92.58     0.05     0.89     0.92     0.80
   0.333   0.333   1.017        27    100000      2144    14.02    92.67     0.05     0.89     0.92     0.80
   0.333   0.333   1.020        19    100000      2148    14.04    92.75     0.05     0.89     0.92     0.80
   0.333   0.333   1.023        27    100000      2137    14.06    92.83     0.05     0.90     0.92     0.80
   0.333   0.333   1.025        20    100000      2130    14.08    92.91     0.05     0.90     0.92     0.80
   0.333   0.333   1.027        23    100000      2141    14.10    92.99     0.05     0.92     0.92     0.80
   0.333   0.333   1.030        34    100000      2145    14.12    93.06     0.05     0.92     0.92     0.80
   0.333   0.333   1.033        24    100000      2136    14.14    93.15     0.05     0.95     0.92     0.80
   0.333   0.333   1.035        21    100000      2123    14.16    93.22     0.05     0.95     0.92     0.80
   0.333   0.333   1.037        19    100000      2135    14.18    93.30     0.05     0.95     0.92     0.80
   0.333   0.333   1.040        31    100000      2144    14.20    93.38     0.05     0.95     0.92     0.80
   0.333   0.333   1.043        23    100000      2121    14.22    93.46     0.05     0.94     0.92     0.80
   0.333   0.333   1.045        22    100000      2142    14.24    93.53     0.05     0.94     0.92     0.80
   0.333   0.333   1.048        22    100000      2137    14.26    93.61     0.05     0.91     0.92     0.80
   0.333   0.333   1.050        27    100000      2122    14.27    93.69     0.05     0.91     0.92     0.80
   0.333   0.333   1.053        25    100000      2124    14.30    93.77     0.05     0.90     0.92     0.80
   0.333   0.333   1.055        30    100000      2128    14.32    93.85     0.05     0.90     0.92     0.80
   0.333   0.333   1.058        28    100000      2130    14.34    93.92     0.05     0.89     0.92     0.80
   0.333   0.333   1.060        30    100000      2125    14.36    94.00     0.05     0.89     0.92     0.80
   0.333   0.333   1.062        33    100000      2132    14.38    94.07     0.05     0.89     0.92     0.80
   0.333   0.333   1.065        25    100000      2129    14.40    94.14     0.05     0.89     0.92     0.80
   0.333   0.333   1.067        27    100000      2135    14.42    94.23     0.05     0.89     0.92     0.80
   0.333   0.333   1.070        24    100000      2139    14.44    94.30     0.05     0.89     0.92     0.80
   0.333   0.333   1.072        17    100000      2149    14.46    94.38     0.05     0.89     0.92     0.80
   0.333   0.333   1.075        25    100000      2136    14.48    94.45     0.05     0.89     0.92     0.80
   0.333   0.333   1.077        28    100000      2134    14.50    94.53     0.05     0.89     0.92     0.80
   0.333   0.333   1.080        23    100000      2147    14.52    94.60     0.05     0.89     0.92     0.80
   0.333   0.333   1.082        27    100000      2124    14.54    94.68     0.05     0.89     0.92     0.80
   0.333   0.333   1.085        35    100000      2143    14.56    94.75     0.05     0.89     0.92     0.80
   0.333   0.333   1.087        26    100000      2130    14.58    94.83     0.05     0.89     0.92     0.80
   0.333   0.333   1.090        21    100000      2136    14.60    94.90     0.05     0.89     0.92     0.80
   0.333   0.333   1.092        30    100000      2132    14.62    94.98     0.05     0.88     0.92     0.80
   0.333   0.333   1.095        28    100000      2143    14.64    95.05     0.05     0.88     0.92     0.80
   0.333   0.333   1.097        21    100000      2122    14.66    95.13     0.05     0.88     0.92     0.80
   0.333   0.333   1.100        30    100000      2129    14.68    95.20     0.05     0.88     0.92     0.80
   0.333   0.333   1.102        24    100000      2117    14.70    95.27     0.05     0.89     0.92     0.80
   0.333   0.333   1.105        34    100000      2145    14.72    95.35     0.05     0.89     0.92     0.80
   0.333   0.333   1.107        23    100000      2132    14.74    95.42     0.05     0.89     0.92     0.80
   0.333   0.333   1.110        20    100000      2147    14.77    95.49     0.05     0.89     0.92     0.80
   0.333   0.333   1.112        20    100000      2144    14.79    95.57     0.05     0.89     0.92     0.80
   0.333   0.333   1.115        26    100000      2131    14.81    95.64     0.05     0.89     0.92     0.80
   0.333   0.333   1.118        30    100000      2133    14.83    95.71     0.05     0.89     0.92     0.80
   0.333   0.333   1.120        22    100000      2141    14.85    95.78     0.05     0.89     0.92     0.80
   0.333   0.333   1.122        22    100000      2132    14.87    95.86     0.05     0.89     0.92     0.80
   0.333   0.333   1.125        26    100000      2125    14.89    95.93     0.05     0.89     0.92     0.80
   0.333   0.333   1.128        40    100000      2127    14.91    96.00     0.05     0.90     0.92     0.80
   0.333   0.333   1.130        17    100000      2119    14.93    96.07     0.05     0.90     0.92     0.80
   0.333   0.333   1.132        30    100000      2126    14.95    96.14     0.05     0.92     0.92     0.80
   0.333   0.333   1.135        30    100000      2136    14.97    96.22     0.05     0.92     0.92     0.80
   0.333   0.333   1.138        20    100000      2146    14.99    96.29     0.05     0.95     0.92     0.80
   0.333   0.333   1.140        24    100000      2130    15.01    96.36     0.05     0.95     0.92     0.80
   0.333   0.333   1.142        20    100000      2137    15.03    96.43     0.05     0.94     0.92     0.80
   0.333   0.333   1.145        41    100000      2143    15.05    96.50     0.05     0.94     0.92     0.80
   0.333   0.333   1.148        43    100000      2129    15.08    96.57     0.05     0.94     0.92     0.80
   0.333   0.333   1.150        40    100000      2137    15.10    96.64     0.05     0.94     0.92     0.80
   0.333   0.333   1.152        43    100000      2130    15.12    96.71     0.05     0.92     0.92     0.80
   0.333   0.333   1.155        62    100000      2147    15.14    96.78     0.05     0.92     0.92     0.80
   0.333   0.333   1.158        76    100000      2119    15.16    96.85     0.05     0.91     0.92     0.80
   0.333   0.333   1.160       140    100000      2145    15.18    96.92     0.05     0.91     0.92     0.80
   0.333   0.333   1.162       120    100000      2143    15.20    96.99     0.05     0.89     0.92     0.80
   0.333   0.333   1.165       159    100000      2135    15.22    97.06     0.05     0.89     0.92     0.80
   0.333   0.333   1.168       167    100000      2131    15.24    97.13     0.05     0.89     0.92     0.80
   0.333   0.333   1.170       143    100000      2145    15.26    97.20     0.05     0.89     0.92     0.80
   0.333   0.333   1.173        97    100000      2123    15.28    97.27     0.05     0.89     0.92     0.80
   0.333   0.333   1.175        89    100000      2124    15.31    97.34     0.05     0.89     0.92     0.80
   0.333   0.333   1.178        81    100000      2125    15.33    97.41     0.05     0.90     0.92     0.80
   0.333   0.333   1.180        66    100000      2115    15.35    97.48     0.05     0.90     0.92     0.80
   0.333   0.333   1.183        45    100000      2132    15.37    97.54     0.05     0.89     0.92     0.80
   0.333   0.333   1.185        38    100000      2129    15.39    97.61     0.05     0.89     0.92     0.80
   0.333   0.333   1.188        21    100000      2129    15.41    97.68     0.05     0.89     0.92     0.80
   0.333   0.333   1.190        31    100000      2140    15.43    97.75     0.05     0.89     0.92     0.80
   0.333   0.333   1.192        30    100000      2139    15.45    97.82     0.05     0.89     0.92     0.80
   0.333   0.333   1.195        29    100000      2127    15.47    97.89     0.05     0.89     0.92     0.80
   0.333   0.333   1.197        22    100000      2129    15.50    97.95     0.05     0.88     0.92     0.80
   0.333   0.333   1.200        23    100000      2142    15.52    98.02     0.05     0.88     0.92     0.80
   0.333   0.333   1.202        27    100000      2142    15.53    98.09     0.05     0.88     0.92     0.80
   0.333   0.333   1.205        23    100000      2126    15.56    98.16     0.05     0.88     0.92     0.80
   0.333   0.333   1.207        26    100000      2130    15.57    98.22     0.05     0.88     0.92     0.80
   0.333   0.333   1.210        22    100000      2119    15.60    98.29     0.05     0.88     0.92     0.80
   0.333   0.333   1.212        33    100000      2139    15.62    98.36     0.05     0.89     0.92     0.80
   0.333   0.333   1.215        29    100000      2131    15.64    98.42     0.05     0.89     0.92     0.80
   0.333   0.333   1.217        28    100000      2143    15.67    98.49     0.05     0.89     0.92     0.80
   0.333   0.333   1.220        21    100000      2126    15.69    98.56     0.05     0.89     0.92     0.80
   0.333   0.333   1.222        22    100000      2128    15.71    98.62     0.05     0.89     0.92     0.80
   0.333   0.333   1.225        46    100000      2131    15.73    98.69     0.05     0.89     0.92     0.80
   0.333   0.333   1.227        30    100000      2131    15.75    98.75     0.05     0.89     0.92     0.80
   0.333   0.333   1.230        25    100000      2136    15.77    98.82     0.05     0.89     0.92     0.80
   0.333   0.333   1.232        29    100000      2118    15.79    98.89     0.05     0.89     0.92     0.80
   0.333   0.333   1.235        24    100000      2127    15.81    98.95     0.05     0.89     0.92     0.80
   0.333   0.333   1.237        23    100000      2131    15.84    99.02     0.05     0.89     0.92     0.80
   0.333   0.333   1.240        29    100000      2145    15.86    99.08     0.05     0.89     0.92     0.80
   0.333   0.333   1.243        29    100000      2148    15.88    99.15     0.03     0.89     0.92     0.80
   0.333   0.333   1.245        27    100000      2134    15.90    99.21     0.03     0.90     0.92     0.80
   0.333   0.333   1.247        27    100000      2136    15.92    99.28     0.03     0.90     0.92     0.80
   0.333   0.333   1.250        23    100000      2133    15.94    99.34     0.03     0.90     0.92     0.80
   0.333   0.333   1.253        30    100000      2126    15.97    99.41     0.03     0.90     0.92     0.80
   0.333   0.333   1.255        27    100000      2141    15.99    99.47     0.03     0.91     0.92     0.80
   0.333   0.333   1.257        31    100000      2131    16.01    99.53     0.03     0.91     0.92     0.80
   0.333   0.333   1.260        35    100000      2152    16.03    99.60     0.03     0.93     0.92     0.80
   0.333   0.333   1.263        22    100000      2123    16.05    99.66     0.03     0.93     0.92     0.80
   0.333   0.333   1.265        25    100000      2128    16.07    99.73     0.03     0.95     0.92     0.80
   0.333   0.333   1.267        28    100000      2127    16.09    99.79     0.03     0.95     0.92     0.80
   0.333   0.333   1.270        25    100000      2135    16.12    99.85     0.03     0.94     0.92     0.80
   0.333   0.333   1.273        17    100000      2130    16.14    99.92     0.03     0.94     0.92     0.80
   0.333   0.333   1.275        24    100000      2135    16.16    99.98     0.03     0.93     0.92     0.80
   0.333   0.333   1.277        21    100000      2124    16.18   100.04     0.03     0.93     0.92     0.80
   0.333   0.333   1.280        22    100000      2140    16.20   100.11     0.03     0.91     0.92     0.80
   0.333   0.333   1.283        36    100000      2137    16.22   100.17     0.03     0.91     0.92     0.80
   0.333   0.333   1.285        21    100000      2133    16.25   100.23     0.03     0.90     0.92     0.80
   0.333   0.333   1.287        34    100000      2135    16.27   100.30     0.03     0.90     0.92     0.80
   0.333   0.333   1.290        19    100000      2140    16.29   100.36     0.03     0.90     0.92     0.80
   0.333   0.333   1.293        17    100000      2127    16.31   100.42     0.03     0.90     0.92     0.80
   0.333   0.333   1.295        21    100000      2129    16.33   100.48     0.03     0.89     0.92     0.80
   0.333   0.333   1.297        25    100000      2138    16.35   100.55     0.03     0.89     0.92     0.80
   0.333   0.333   1.300        20    100000      2126    16.38   100.61     0.03     0.89     0.92     0.80
   0.333   0.333   1.303        26    100000      2134    16.40   100.67     0.03     0.89     0.92     0.80
   0.333   0.333   1.305        35    100000      2131    16.42   100.73     0.03     0.89     0.92     0.80
   0.333   0.333   1.308        27    100000      2137    16.44   100.79     0.03     0.89     0.92     0.80
   0.333   0.333   1.310        29    100000      2149    16.46   100.85     0.03     0.89     0.92     0.80
   0.333   0.333   1.312        27    100000      2130    16.49   100.92     0.03     0.89     0.92     0.80
   0.333   0.333   1.315        24    100000      2131    16.51   100.98     0.03     0.89     0.92     0.80
   0.333   0.333   1.317        32    100000      2129    16.53   101.04     0.03     0.89     0.92     0.80
   0.333   0.333   1.320        37    100000      2123    16.55   101.10     0.03     0.89     0.92     0.80
   0.333   0.333   1.322        32    100000      2146    16.57   101.16     0.03     0.89     0.92     0.80
   0.333   0.333   1.325        32    100000      2139    16.59   101.22     0.03     0.90     0.92     0.80
   0.333   0.333   1.327        29    100000      2136    16.62   101.28     0.03     0.90     0.92     0.80
   0.333   0.333   1.330        32    100000      2136    16.64   101.34     0.03     0.93     0.92     0.80
   0.333   0.333   1.332        37    100000      2150    16.66   101.40     0.03     0.93     0.92     0.80
   0.333   0.333   1.335        31    100000      2143    16.68   101.46     0.03     0.94     0.92     0.80
   0.333   0.333   1.337        28    100000      2150    16.70   101.52     0.03     0.94     0.92     0.80
   0.333   0.333   1.340        25    100000      2131    16.73   101.58     0.03     0.93     0.92     0.80
   0.333   0.333   1.342        31    100000      2136    16.75   101.64     0.03     0.93     0.92     0.80
   0.333   0.333   1.345        26    100000      2138    16.77   101.70     0.03     0.93     0.92     0.80
   0.333   0.333   1.347        22    100000      2142    16.79   101.76     0.03     0.93     0.92     0.80
   0.333   0.333   1.350        32    100000      2134    16.81   101.82     0.03     0.91     0.92     0.80
   0.333   0.333   1.352        29    100000      2131    16.84   101.88     0.03     0.91     0.92     0.80
   0.333   0.333   1.355        23    100000      2141    16.86   101.94     0.03     0.89     0.92     0.80
   0.333   0.333   1.357        25    100000      2164    16.88   102.00     0.03     0.89     0.92     0.80
   0.333   0.333   1.360        31    100000      2134    16.90   102.06     0.03     0.89     0.92     0.80
   0.333   0.333   1.362        32    100000      2140    16.92   102.12     0.03     0.89     0.92     0.80
   0.333   0.333   1.365        28    100000      2133    16.95   102.18     0.03     0.88     0.92     0.80
   0.333   0.333   1.368        37    100000      2132    16.97   102.24     0.03     0.88     0.92     0.80
   0.333   0.333   1.370        27    100000      2130    16.99   102.29     0.03     0.88     0.92     0.80
   0.333   0.333   1.372        21    100000      2123    17.01   102.35     0.03     0.88     0.92     0.80
   0.333   0.333   1.375        27    100000      2143    17.04   102.41     0.03     0.89     0.92     0.80
   0.333   0.333   1.378        24    100000      2128    17.06   102.47     0.03     0.89     0.92     0.80
   0.333   0.333   1.380        37    100000      2137    17.08   102.53     0.03     0.88     0.92     0.80
   0.333   0.333   1.382        28    100000      2130    17.10   102.59     0.03     0.88     0.92     0.80
   0.333   0.333   1.385        19    100000      2132    17.12   102.64     0.03     0.88     0.92     0.80
   0.333   0.333   1.388        25    100000      2133    17.15   102.70     0.03     0.88     0.92     0.80
   0.333   0.333   1.390        26    100000      2150    17.17   102.76     0.03     0.89     0.92     0.80
   0.333   0.333   1.392        33    100000      2135    17.19   102.82     0.03     0.89     0.92     0.80
   0.333   0.333   1.395        23    100000      2129    17.21   102.87     0.03     0.89     0.92     0.80
   0.333   0.333   1.398        27    100000      2125    17.24   102.93     0.03     0.89     0.92     0.80
   0.333   0.333   1.400        25    100000      2131    17.26   102.99     0.03     0.89     0.92     0.80
   0.333   0.333   1.402        21    100000      2132    17.28   103.05     0.03     0.89     0.92     0.80
   0.333   0.333   1.405        27    100000      2134    17.30   103.10     0.03     0.89     0.92     0.80
   0.333   0.333   1.408        24    100000      2138    17.32   103.16     0.03     0.88     0.92     0.80
   0.333   0.333   1.410        22    100000      2128    17.35   103.22     0.03     0.88     0.92     0.80
   0.333   0.333   1.412        35    100000      2135    17.37   103.27     0.03     0.89     0.92     0.80
   0.333   0.333   1.415        27    100000      2127    17.39   103.33     0.03     0.89     0.92     0.80
   0.333   0.333   1.418        31    100000      2153    17.41   103.39     0.03     0.89     0.92     0.80
   0.333   0.333   1.420        32    100000      2126    17.44   103.44     0.03     0.89     0.92     0.80
   0.333   0.333   1.422        23    100000      2126    17.46   103.50     0.03     0.89     0.92     0.80
   0.333   0.333   1.425        26    100000      2141    17.48   103.55     0.03     0.89     0.92     0.80
   0.333   0.333   1.428        15    100000      2134    17.50   103.61     0.03     0.89     0.92     0.80
   0.333   0.333   1.430        36    100000      2127    17.53   103.67     0.03     0.89     0.92     0.80
   0.333   0.333   1.433        22    100000      2128    17.55   103.72     0.03     0.89     0.92     0.80
   0.333   0.333   1.435        24    100000      2126    17.57   103.78     0.03     0.89     0.92     0.80
   0.333   0.333   1.438        27    100000      2133    17.59   103.83     0.03     0.89     0.92     0.80
   0.333   0.333   1.440        22    100000      2137    17.62   103.89     0.03     0.89     0.92     0.80
   0.333   0.333   1.442        21    100000      2139    17.64   103.94     0.03     0.89     0.92     0.80
   0.333   0.333   1.445        33    100000      2132    17.66   104.00     0.03     0.89     0.92     0.80
   0.333   0.333   1.447        23    100000      2121    17.68   104.05     0.03     0.90     0.92     0.80
   0.333   0.333   1.450        30    100000      2140    17.71   104.11     0.03     0.90     0.92     0.80
   0.333   0.333   1.452        28    100000      2128    17.73   104.16     0.03     0.90     0.92     0.80
   0.333   0.333   1.455        29    100000      2127    17.75   104.22     0.03     0.90     0.92     0.80
   0.333   0.333   1.457        25    100000      2125    17.77   104.27     0.03     0.90     0.92     0.80
   0.333   0.333   1.460        21    100000      2135    17.80   104.33     0.03     0.90     0.92     0.80
   0.333   0.333   1.462        31    100000      2122    17.82   104.38     0.03     0.90     0.92     0.80
   0.333   0.333   1.465        21    100000      2129    17.84   104.44     0.03     0.90     0.92     0.80
   0.333   0.333   1.467        27    100000      2155    17.86   104.49     0.03     0.90     0.92     0.80
   0.333   0.333   1.470        28    100000      2123    17.89   104.55     0.03     0.90     0.92     0.80
   0.333   0.333   1.472        28    100000      2115    17.91   104.60     0.01     0.92     0.92     0.80
   0.333   0.333   1.475        28    100000      2123    17.93   104.65     0.01     0.92     0.92     0.80
   0.333   0.333   1.477        29    100000      2142    17.95   104.71     0.01     0.93     0.92     0.80
   0.333   0.333   1.480        34    100000      2125    17.98   104.76     0.01     0.93     0.92     0.80
   0.333   0.333   1.482        30    100000      2122    18.00   104.82     0.01     0.95     0.92     0.80
   0.333   0.333   1.485        30    100000      2130    18.02   104.87     0.01     0.95     0.92     0.80
   0.333   0.333   1.487        26    100000      2130    18.04   104.92     0.01     0.95     0.92     0.80
   0.333   0.333   1.490        26    100000      2142    18.07   104.98     0.01     0.95     0.92     0.80
   0.333   0.333   1.493        23    100000      2140    18.09   105.03     0.01     0.94     0.92     0.80
   0.333   0.333   1.495        20    100000      2134    18.11   105.08     0.01     0.94     0.92     0.80
   0.333   0.333   1.497        30    100000      2136    18.14   105.14     0.01     0.92     0.92     0.80
   0.333   0.333   1.500        22    100000      2143    18.16   105.19     0.01     0.92     0.92     0.80
