0.333,0.333,0.5,21.0,100000.0,2130.0,10.52,71.38,0.11,0.89,0.91,1.8,
0.333,0.333,0.502,21.0,100000.0,2127.0,10.54,71.51,0.11,0.89,0.91,1.8,
0.333,0.333,0.505,17.0,100000.0,2137.0,10.54,71.64,0.11,0.89,0.91,1.8,
0.333,0.333,0.507,24.0,100000.0,2128.0,10.57,71.77,0.11,0.9,0.91,1.8,
0.333,0.333,0.51,17.0,100000.0,2131.0,10.57,71.9,0.11,0.9,0.91,1.8,
0.333,0.333,0.512,24.0,100000.0,2148.0,10.59,72.03,0.11,0.92,0.91,1.8,
0.333,0.333,0.515,23.0,100000.0,2135.0,10.61,72.15,0.11,0.92,0.91,1.8,
0.333,0.333,0.517,18.0,100000.0,2134.0,10.61,72.27,0.11,0.93,0.91,1.8,
0.333,0.333,0.52,17.0,100000.0,2137.0,10.63,72.41,0.11,0.93,0.91,1.8,
0.333,0.333,0.522,23.0,100000.0,2157.0,10.65,72.53,0.11,0.99,0.91,1.8,
0.333,0.333,0.525,24.0,100000.0,2137.0,10.65,72.67,0.11,0.99,0.91,1.8,
0.333,0.333,0.527,25.0,100000.0,2136.0,10.67,72.79,0.11,0.96,0.91,1.8,
0.333,0.333,0.53,23.0,100000.0,2145.0,10.69,72.92,0.11,0.96,0.91,1.8,
0.333,0.333,0.533,24.0,100000.0,2138.0,10.69,73.04,0.11,0.95,0.91,1.8,
0.333,0.333,0.535,23.0,100000.0,2128.0,10.71,73.17,0.11,0.95,0.91,1.8,
0.333,0.333,0.538,29.0,100000.0,2140.0,10.73,73.29,0.11,0.93,0.91,1.8,
0.333,0.333,0.54,29.0,100000.0,2134.0,10.73,73.41,0.11,0.93,0.91,1.8,
0.333,0.333,0.543,20.0,100000.0,2146.0,10.75,73.55,0.11,0.91,0.91,1.8,
0.333,0.333,0.545,19.0,100000.0,2128.0,10.77,73.67,0.11,0.91,0.91,1.8,
0.333,0.333,0.548,21.0,100000.0,2124.0,10.77,73.79,0.11,0.89,0.91,1.8,
0.333,0.333,0.55,22.0,100000.0,2146.0,10.8,73.92,0.11,0.89,0.91,1.8,
0.333,0.333,0.553,23.0,100000.0,2144.0,10.8,74.04,0.11,0.88,0.91,1.8,
0.333,0.333,0.555,19.0,100000.0,2133.0,10.82,74.17,0.11,0.88,0.91,1.8,
0.333,0.333,0.558,19.0,100000.0,2139.0,10.84,74.29,0.09,0.88,0.91,1.8,
0.333,0.333,0.56,19.0,100000.0,2140.0,10.84,74.41,0.09,0.88,0.91,1.8,
0.333,0.333,0.562,18.0,100000.0,2121.0,10.87,74.53,0.09,0.88,0.91,1.8,
0.333,0.333,0.565,22.0,100000.0,2136.0,10.87,74.65,0.09,0.88,0.91,1.8,
0.333,0.333,0.567,27.0,100000.0,2135.0,10.89,74.77,0.09,0.88,0.91,1.8,
0.333,0.333,0.57,25.0,100000.0,2138.0,10.91,74.9,0.09,0.87,0.91,1.8,
0.333,0.333,0.572,26.0,100000.0,2139.0,10.91,75.03,0.09,0.87,0.91,1.8,
0.333,0.333,0.575,24.0,100000.0,2136.0,10.94,75.15,0.09,0.87,0.91,1.8,
0.333,0.333,0.577,30.0,100000.0,2135.0,10.94,75.27,0.09,0.87,0.91,1.8,
0.333,0.333,0.58,27.0,100000.0,2131.0,10.96,75.39,0.09,0.88,0.91,1.8,
0.333,0.333,0.582,19.0,100000.0,2129.0,10.98,75.51,0.09,0.88,0.91,1.8,
0.333,0.333,0.585,15.0,100000.0,2118.0,10.98,75.63,0.09,0.87,0.91,1.8,
0.333,0.333,0.587,24.0,100000.0,2125.0,11.01,75.75,0.09,0.87,0.91,1.8,
0.333,0.333,0.59,23.0,100000.0,2141.0,11.01,75.87,0.09,0.88,0.91,1.8,
0.333,0.333,0.592,21.0,100000.0,2130.0,11.04,75.99,0.09,0.88,0.91,1.8,
0.333,0.333,0.595,21.0,100000.0,2145.0,11.04,76.11,0.09,0.87,0.91,1.8,
0.333,0.333,0.597,24.0,100000.0,2132.0,11.07,76.23,0.09,0.87,0.91,1.8,
0.333,0.333,0.6,28.0,100000.0,2138.0,11.07,76.35,0.09,0.88,0.91,1.8,
0.333,0.333,0.603,29.0,100000.0,2128.0,11.1,76.47,0.09,0.88,0.91,1.8,
0.333,0.333,0.605,13.0,100000.0,2138.0,11.1,76.57,0.09,0.88,0.91,1.8,
0.333,0.333,0.608,22.0,100000.0,2129.0,11.13,76.69,0.09,0.88,0.91,1.8,
0.333,0.333,0.61,26.0,100000.0,2130.0,11.13,76.81,0.09,0.88,0.91,1.8,
0.333,0.333,0.613,21.0,100000.0,2128.0,11.16,76.94,0.09,0.88,0.91,1.8,
0.333,0.333,0.615,24.0,100000.0,2142.0,11.16,77.05,0.09,0.88,0.91,1.8,
0.333,0.333,0.618,10.0,100000.0,2144.0,11.19,77.17,0.09,0.88,0.91,1.8,
0.333,0.333,0.62,27.0,100000.0,2125.0,11.19,77.28,0.09,0.88,0.91,1.8,
0.333,0.333,0.623,26.0,100000.0,2139.0,11.22,77.4,0.09,0.88,0.91,1.8,
0.333,0.333,0.625,22.0,100000.0,2146.0,11.22,77.52,0.09,0.88,0.91,1.8,
0.333,0.333,0.627,21.0,100000.0,2142.0,11.25,77.63,0.09,0.88,0.91,1.8,
0.333,0.333,0.63,22.0,100000.0,2124.0,11.25,77.75,0.09,0.88,0.91,1.8,
0.333,0.333,0.632,20.0,100000.0,2150.0,11.28,77.86,0.09,0.88,0.91,1.8,
0.333,0.333,0.635,20.0,100000.0,2138.0,11.28,77.98,0.09,0.89,0.91,1.8,
0.333,0.333,0.637,26.0,100000.0,2139.0,11.31,78.09,0.09,0.89,0.91,1.8,
0.333,0.333,0.64,20.0,100000.0,2121.0,11.31,78.21,0.09,0.89,0.91,1.8,
0.333,0.333,0.642,30.0,100000.0,2137.0,11.34,78.31,0.09,0.89,0.91,1.8,
0.333,0.333,0.645,22.0,100000.0,2142.0,11.34,78.43,0.09,0.89,0.91,1.8,
0.333,0.333,0.647,33.0,100000.0,2123.0,11.37,78.54,0.09,0.89,0.91,1.8,
0.333,0.333,0.65,20.0,100000.0,2151.0,11.37,78.65,0.09,0.89,0.91,1.8,
0.333,0.333,0.653,26.0,100000.0,2129.0,11.4,78.77,0.09,0.89,0.91,1.8,
0.333,0.333,0.655,26.0,100000.0,2132.0,11.42,78.89,0.09,0.9,0.91,1.8,
0.333,0.333,0.658,13.0,100000.0,2135.0,11.42,78.99,0.09,0.9,0.91,1.8,
0.333,0.333,0.66,20.0,100000.0,2147.0,11.45,79.1,0.09,0.9,0.91,1.8,
0.333,0.333,0.663,21.0,100000.0,2132.0,11.45,79.22,0.09,0.9,0.91,1.8,
0.333,0.333,0.665,20.0,100000.0,2127.0,11.48,79.34,0.09,0.9,0.91,1.8,
0.333,0.333,0.668,15.0,100000.0,2143.0,11.48,79.45,0.09,0.89,0.91,1.8,
0.333,0.333,0.67,22.0,100000.0,2139.0,11.51,79.55,0.09,0.89,0.91,1.8,
0.333,0.333,0.673,19.0,100000.0,2137.0,11.53,79.67,0.09,0.92,0.91,1.8,
0.333,0.333,0.675,33.0,100000.0,2135.0,11.53,79.78,0.09,0.92,0.91,1.8,
0.333,0.333,0.678,31.0,100000.0,2130.0,11.56,79.89,0.09,0.9,0.91,1.8,
0.333,0.333,0.68,19.0,100000.0,2133.0,11.56,79.99,0.09,0.9,0.91,1.8,
0.333,0.333,0.683,24.0,100000.0,2142.0,11.59,80.1,0.09,0.9,0.91,1.8,
0.333,0.333,0.685,14.0,100000.0,2140.0,11.61,80.21,0.09,0.9,0.91,1.8,
0.333,0.333,0.688,29.0,100000.0,2134.0,11.61,80.33,0.09,0.9,0.91,1.8,
0.333,0.333,0.69,31.0,100000.0,2126.0,11.64,80.43,0.09,0.9,0.91,1.8,
0.333,0.333,0.692,31.0,100000.0,2127.0,11.64,80.54,0.09,0.9,0.91,1.8,
0.333,0.333,0.695,20.0,100000.0,2151.0,11.67,80.66,0.09,0.9,0.91,1.8,
0.333,0.333,0.697,23.0,100000.0,2137.0,11.69,80.76,0.09,0.9,0.91,1.8,
0.333,0.333,0.7,16.0,100000.0,2125.0,11.69,80.86,0.09,0.9,0.91,1.8,
0.333,0.333,0.702,29.0,100000.0,2137.0,11.72,80.98,0.09,0.91,0.91,1.8,
0.333,0.333,0.705,17.0,100000.0,2139.0,11.74,81.09,0.09,0.91,0.91,1.8,
0.333,0.333,0.707,31.0,100000.0,2134.0,11.74,81.19,0.09,0.91,0.91,1.8,
0.333,0.333,0.71,15.0,100000.0,2144.0,11.77,81.3,0.09,0.91,0.91,1.8,
0.333,0.333,0.712,28.0,100000.0,2135.0,11.79,81.41,0.09,0.91,0.91,1.8,
0.333,0.333,0.715,30.0,100000.0,2135.0,11.79,81.51,0.09,0.91,0.91,1.8,
0.333,0.333,0.717,20.0,100000.0,2139.0,11.82,81.61,0.09,0.91,0.91,1.8,
0.333,0.333,0.72,19.0,100000.0,2124.0,11.82,81.72,0.09,0.91,0.91,1.8,
0.333,0.333,0.722,18.0,100000.0,2141.0,11.85,81.83,0.09,0.91,0.91,1.8,
0.333,0.333,0.725,21.0,100000.0,2135.0,11.87,81.94,0.09,0.91,0.91,1.8,
0.333,0.333,0.727,22.0,100000.0,2126.0,11.87,82.04,0.09,0.91,0.91,1.8,
0.333,0.333,0.73,25.0,100000.0,2134.0,11.9,82.15,0.09,0.91,0.91,1.8,
0.333,0.333,0.733,17.0,100000.0,2128.0,11.92,82.25,0.09,0.91,0.91,1.8,
0.333,0.333,0.735,14.0,100000.0,2147.0,11.92,82.35,0.09,0.91,0.91,1.8,
0.333,0.333,0.738,23.0,100000.0,2140.0,11.95,82.45,0.09,0.91,0.91,1.8,
0.333,0.333,0.74,27.0,100000.0,2130.0,11.97,82.57,0.09,0.91,0.91,1.8,
0.333,0.333,0.743,28.0,100000.0,2133.0,11.99,82.67,0.09,0.91,0.91,1.8,
0.333,0.333,0.745,21.0,100000.0,2148.0,11.99,82.77,0.09,0.91,0.91,1.8,
0.333,0.333,0.748,21.0,100000.0,2130.0,12.02,82.88,0.09,0.9,0.91,1.8,
0.333,0.333,0.75,27.0,100000.0,2148.0,12.04,82.98,0.09,0.9,0.91,1.8,
0.333,0.333,0.752,18.0,100000.0,2131.0,12.04,83.08,0.09,0.91,0.91,1.8,
0.333,0.333,0.755,29.0,100000.0,2154.0,12.07,83.18,0.09,0.91,0.91,1.8,
0.333,0.333,0.757,26.0,100000.0,2142.0,12.09,83.29,0.09,0.91,0.91,1.8,
0.333,0.333,0.76,30.0,100000.0,2140.0,12.09,83.39,0.09,0.91,0.91,1.8,
0.333,0.333,0.762,19.0,100000.0,2143.0,12.12,83.49,0.09,0.9,0.91,1.8,
0.333,0.333,0.765,27.0,100000.0,2140.0,12.14,83.59,0.09,0.9,0.91,1.8,
0.333,0.333,0.767,23.0,100000.0,2146.0,12.16,83.69,0.09,0.9,0.91,1.8,
0.333,0.333,0.77,16.0,100000.0,2130.0,12.16,83.79,0.09,0.9,0.91,1.8,
0.333,0.333,0.773,23.0,100000.0,2129.0,12.19,83.89,0.09,0.9,0.91,1.8,
0.333,0.333,0.775,20.0,100000.0,2122.0,12.21,83.99,0.09,0.9,0.91,1.8,
0.333,0.333,0.778,22.0,100000.0,2123.0,12.21,84.09,0.09,0.9,0.91,1.8,
0.333,0.333,0.78,19.0,100000.0,2122.0,12.24,84.19,0.09,0.9,0.91,1.8,
0.333,0.333,0.783,28.0,100000.0,2137.0,12.26,84.29,0.09,0.9,0.91,1.8,
0.333,0.333,0.785,20.0,100000.0,2137.0,12.28,84.39,0.07,0.9,0.91,1.8,
0.333,0.333,0.788,26.0,100000.0,2132.0,12.28,84.49,0.07,0.9,0.91,1.8,
0.333,0.333,0.79,25.0,100000.0,2127.0,12.31,84.59,0.07,0.9,0.91,1.8,
0.333,0.333,0.793,28.0,100000.0,2144.0,12.33,84.69,0.07,0.9,0.91,1.8,
0.333,0.333,0.795,24.0,100000.0,2145.0,12.35,84.79,0.07,0.9,0.91,1.8,
0.333,0.333,0.798,24.0,100000.0,2134.0,12.35,84.89,0.07,0.9,0.91,1.8,
0.333,0.333,0.8,24.0,100000.0,2135.0,12.38,84.98,0.07,0.9,0.91,1.8,
0.333,0.333,0.803,21.0,100000.0,2121.0,12.4,85.09,0.07,0.91,0.91,1.8,
0.333,0.333,0.805,24.0,100000.0,2131.0,12.42,85.18,0.07,0.91,0.91,1.8,
0.333,0.333,0.808,18.0,100000.0,2134.0,12.44,85.28,0.07,0.9,0.91,1.8,
0.333,0.333,0.81,21.0,100000.0,2133.0,12.44,85.38,0.07,0.9,0.91,1.8,
0.333,0.333,0.812,33.0,100000.0,2129.0,12.47,85.47,0.07,0.9,0.91,1.8,
0.333,0.333,0.815,27.0,100000.0,2139.0,12.49,85.57,0.07,0.9,0.91,1.8,
0.333,0.333,0.817,17.0,100000.0,2144.0,12.51,85.67,0.07,0.9,0.91,1.8,
0.333,0.333,0.82,20.0,100000.0,2136.0,12.51,85.76,0.07,0.9,0.91,1.8,
0.333,0.333,0.822,25.0,100000.0,2135.0,12.54,85.86,0.07,0.9,0.91,1.8,
0.333,0.333,0.825,26.0,100000.0,2132.0,12.56,85.95,0.07,0.9,0.91,1.8,
0.333,0.333,0.827,20.0,100000.0,2131.0,12.58,86.05,0.07,0.9,0.91,1.8,
0.333,0.333,0.83,24.0,100000.0,2128.0,12.6,86.14,0.07,0.9,0.91,1.8,
0.333,0.333,0.832,27.0,100000.0,2120.0,12.6,86.24,0.07,0.9,0.91,1.8,
0.333,0.333,0.835,17.0,100000.0,2141.0,12.63,86.33,0.07,0.9,0.91,1.8,
0.333,0.333,0.837,25.0,100000.0,2143.0,12.65,86.43,0.07,0.9,0.91,1.8,
0.333,0.333,0.84,22.0,100000.0,2136.0,12.67,86.52,0.07,0.9,0.91,1.8,
0.333,0.333,0.842,19.0,100000.0,2138.0,12.69,86.62,0.07,0.9,0.91,1.8,
0.333,0.333,0.845,22.0,100000.0,2135.0,12.69,86.71,0.07,0.89,0.91,1.8,
0.333,0.333,0.847,30.0,100000.0,2133.0,12.72,86.8,0.07,0.89,0.91,1.8,
0.333,0.333,0.85,25.0,100000.0,2133.0,12.74,86.9,0.07,0.9,0.91,1.8,
0.333,0.333,0.852,21.0,100000.0,2118.0,12.76,86.99,0.07,0.9,0.91,1.8,
0.333,0.333,0.855,35.0,100000.0,2140.0,12.78,87.09,0.07,0.91,0.91,1.8,
0.333,0.333,0.857,27.0,100000.0,2141.0,12.8,87.17,0.07,0.91,0.91,1.8,
0.333,0.333,0.86,21.0,100000.0,2128.0,12.8,87.26,0.07,0.9,0.91,1.8,
0.333,0.333,0.862,24.0,100000.0,2122.0,12.83,87.35,0.07,0.9,0.91,1.8,
0.333,0.333,0.865,25.0,100000.0,2147.0,12.85,87.46,0.07,0.9,0.91,1.8,
0.333,0.333,0.867,20.0,100000.0,2136.0,12.87,87.55,0.07,0.9,0.91,1.8,
0.333,0.333,0.87,18.0,100000.0,2143.0,12.89,87.64,0.07,0.9,0.91,1.8,
0.333,0.333,0.873,23.0,100000.0,2147.0,12.91,87.73,0.07,0.9,0.91,1.8,
0.333,0.333,0.875,24.0,100000.0,2130.0,12.91,87.82,0.07,0.9,0.91,1.8,
0.333,0.333,0.877,27.0,100000.0,2135.0,12.94,87.91,0.07,0.9,0.91,1.8,
0.333,0.333,0.88,13.0,100000.0,2131.0,12.96,88.0,0.07,0.91,0.91,1.8,
0.333,0.333,0.882,28.0,100000.0,2124.0,12.98,88.09,0.07,0.91,0.91,1.8,
0.333,0.333,0.885,19.0,100000.0,2127.0,13.0,88.18,0.07,0.9,0.91,1.8,
0.333,0.333,0.887,26.0,100000.0,2140.0,13.02,88.27,0.07,0.9,0.91,1.8,
0.333,0.333,0.89,30.0,100000.0,2145.0,13.04,88.36,0.07,0.9,0.91,1.8,
0.333,0.333,0.892,14.0,100000.0,2129.0,13.04,88.45,0.07,0.9,0.91,1.8,
0.333,0.333,0.895,20.0,100000.0,2122.0,13.07,88.54,0.07,0.9,0.91,1.8,
0.333,0.333,0.897,21.0,100000.0,2140.0,13.09,88.63,0.07,0.9,0.91,1.8,
0.333,0.333,0.9,31.0,100000.0,2131.0,13.11,88.72,0.07,0.9,0.91,1.8,
0.333,0.333,0.903,25.0,100000.0,2137.0,13.13,88.81,0.07,0.9,0.91,1.8,
0.333,0.333,0.905,25.0,100000.0,2133.0,13.15,88.9,0.07,0.9,0.91,1.8,
0.333,0.333,0.908,26.0,100000.0,2148.0,13.17,88.99,0.07,0.9,0.91,1.8,
0.333,0.333,0.91,24.0,100000.0,2147.0,13.19,89.08,0.07,0.9,0.91,1.8,
0.333,0.333,0.913,27.0,100000.0,2145.0,13.19,89.16,0.07,0.9,0.91,1.8,
0.333,0.333,0.915,16.0,100000.0,2134.0,13.22,89.25,0.07,0.89,0.91,1.8,
0.333,0.333,0.918,16.0,100000.0,2131.0,13.24,89.34,0.07,0.89,0.91,1.8,
0.333,0.333,0.92,22.0,100000.0,2126.0,13.26,89.42,0.07,0.9,0.91,1.8,
0.333,0.333,0.923,21.0,100000.0,2135.0,13.28,89.51,0.07,0.9,0.91,1.8,
0.333,0.333,0.925,27.0,100000.0,2121.0,13.3,89.59,0.07,0.9,0.91,1.8,
0.333,0.333,0.928,19.0,100000.0,2146.0,13.32,89.68,0.07,0.9,0.91,1.8,
0.333,0.333,0.93,27.0,100000.0,2124.0,13.34,89.77,0.07,0.9,0.91,1.8,
0.333,0.333,0.933,31.0,100000.0,2123.0,13.36,89.86,0.07,0.9,0.91,1.8,
0.333,0.333,0.935,17.0,100000.0,2129.0,13.36,89.94,0.07,0.9,0.91,1.8,
0.333,0.333,0.938,24.0,100000.0,2140.0,13.39,90.03,0.07,0.9,0.91,1.8,
0.333,0.333,0.94,26.0,100000.0,2146.0,13.41,90.11,0.07,0.9,0.91,1.8,
0.333,0.333,0.942,29.0,100000.0,2141.0,13.43,90.2,0.07,0.9,0.91,1.8,
0.333,0.333,0.945,34.0,100000.0,2129.0,13.45,90.29,0.07,0.9,0.91,1.8,
0.333,0.333,0.947,25.0,100000.0,2132.0,13.47,90.37,0.07,0.9,0.91,1.8,
0.333,0.333,0.95,31.0,100000.0,2128.0,13.49,90.46,0.07,0.9,0.91,1.8,
0.333,0.333,0.952,28.0,100000.0,2127.0,13.51,90.54,0.07,0.9,0.91,1.8,
0.333,0.333,0.955,32.0,100000.0,2135.0,13.53,90.62,0.07,0.9,0.91,1.8,
0.333,0.333,0.957,27.0,100000.0,2150.0,13.55,90.71,0.07,0.9,0.91,1.8,
0.333,0.333,0.96,37.0,100000.0,2137.0,13.57,90.78,0.07,0.9,0.91,1.8,
0.333,0.333,0.962,23.0,100000.0,2133.0,13.59,90.88,0.07,0.9,0.91,1.8,
0.333,0.333,0.965,30.0,100000.0,2136.0,13.61,90.96,0.07,0.9,0.91,1.8,
0.333,0.333,0.967,27.0,100000.0,2140.0,13.61,91.04,0.07,0.9,0.91,1.8,
0.333,0.333,0.97,36.0,100000.0,2141.0,13.64,91.13,0.07,0.9,0.91,1.8,
0.333,0.333,0.972,37.0,100000.0,2134.0,13.66,91.21,0.07,0.9,0.91,1.8,
0.333,0.333,0.975,40.0,100000.0,2127.0,13.68,91.29,0.07,0.9,0.91,1.8,
0.333,0.333,0.977,34.0,100000.0,2132.0,13.7,91.37,0.07,0.9,0.91,1.8,
0.333,0.333,0.98,44.0,100000.0,2142.0,13.72,91.45,0.07,0.9,0.91,1.8,
0.333,0.333,0.982,70.0,100000.0,2133.0,13.74,91.54,0.07,0.9,0.91,1.8,
0.333,0.333,0.985,110.0,100000.0,2134.0,13.76,91.62,0.07,0.9,0.91,1.8,
0.333,0.333,0.987,129.0,100000.0,2137.0,13.78,91.71,0.07,0.9,0.91,1.8,
0.333,0.333,0.99,153.0,100000.0,2137.0,13.8,91.78,0.07,0.91,0.91,1.8,
0.333,0.333,0.992,267.0,100000.0,2138.0,13.82,91.87,0.07,0.91,0.91,1.8,
0.333,0.333,0.995,289.0,100000.0,2138.0,13.84,91.95,0.07,0.9,0.91,1.8,
0.333,0.333,0.998,308.0,100000.0,2148.0,13.86,92.03,0.07,0.9,0.91,1.8,
0.333,0.333,1.0,277.0,100000.0,2129.0,13.88,92.11,0.07,0.9,0.91,1.8,
0.333,0.333,1.003,221.0,100000.0,2135.0,13.9,92.19,0.07,0.9,0.91,1.8,
0.333,0.333,1.005,172.0,100000.0,2139.0,13.92,92.27,0.07,0.9,0.91,1.8,
0.333,0.333,1.007,152.0,100000.0,2147.0,13.94,92.35,0.07,0.9,0.91,1.8,
0.333,0.333,1.01,84.0,100000.0,2133.0,13.96,92.44,0.07,0.91,0.91,1.8,
0.333,0.333,1.013,51.0,100000.0,2128.0,13.98,92.51,0.07,0.91,0.91,1.8,
0.333,0.333,1.015,47.0,100000.0,2127.0,14.0,92.58,0.05,0.91,0.91,1.8,
0.333,0.333,1.017,55.0,100000.0,2143.0,14.02,92.67,0.05,0.91,0.91,1.8,
0.333,0.333,1.02,29.0,100000.0,2135.0,14.04,92.75,0.05,0.91,0.91,1.8,
0.333,0.333,1.023,28.0,100000.0,2143.0,14.06,92.83,0.05,0.91,0.91,1.8,
0.333,0.333,1.025,34.0,100000.0,2126.0,14.08,92.91,0.05,0.91,0.91,1.8,
0.333,0.333,1.027,36.0,100000.0,2142.0,14.1,92.99,0.05,0.91,0.91,1.8,
0.333,0.333,1.03,33.0,100000.0,2150.0,14.12,93.06,0.05,0.9,0.91,1.8,
0.333,0.333,1.033,39.0,100000.0,2130.0,14.14,93.15,0.05,0.9,0.91,1.8,
0.333,0.333,1.035,29.0,100000.0,2136.0,14.16,93.22,0.05,0.9,0.91,1.8,
0.333,0.333,1.037,37.0,100000.0,2138.0,14.18,93.3,0.05,0.9,0.91,1.8,
0.333,0.333,1.04,28.0,100000.0,2131.0,14.2,93.38,0.05,0.9,0.91,1.8,
0.333,0.333,1.043,24.0,100000.0,2126.0,14.22,93.45,0.05,0.9,0.91,1.8,
0.333,0.333,1.045,19.0,100000.0,2117.0,14.24,93.54,0.05,0.9,0.91,1.8,
0.333,0.333,1.048,21.0,100000.0,2128.0,14.26,93.61,0.05,0.9,0.91,1.8,
0.333,0.333,1.05,26.0,100000.0,2133.0,14.28,93.69,0.05,0.91,0.91,1.8,
0.333,0.333,1.053,18.0,100000.0,2138.0,14.3,93.77,0.05,0.91,0.91,1.8,
0.333,0.333,1.055,24.0,100000.0,2142.0,14.32,93.85,0.05,0.9,0.91,1.8,
0.333,0.333,1.058,28.0,100000.0,2134.0,14.34,93.92,0.05,0.9,0.91,1.8,
0.333,0.333,1.06,22.0,100000.0,2135.0,14.36,94.0,0.05,0.9,0.91,1.8,
0.333,0.333,1.062,30.0,100000.0,2146.0,14.38,94.07,0.05,0.9,0.91,1.8,
0.333,0.333,1.065,19.0,100000.0,2135.0,14.4,94.15,0.05,0.9,0.91,1.8,
0.333,0.333,1.067,29.0,100000.0,2142.0,14.42,94.23,0.05,0.9,0.91,1.8,
0.333,0.333,1.07,24.0,100000.0,2129.0,14.44,94.3,0.05,0.9,0.91,1.8,
0.333,0.333,1.072,35.0,100000.0,2148.0,14.46,94.37,0.05,0.9,0.91,1.8,
0.333,0.333,1.075,22.0,100000.0,2132.0,14.48,94.45,0.05,0.9,0.91,1.8,
0.333,0.333,1.077,29.0,100000.0,2127.0,14.5,94.53,0.05,0.9,0.91,1.8,
0.333,0.333,1.08,21.0,100000.0,2142.0,14.52,94.6,0.05,0.89,0.91,1.8,
0.333,0.333,1.082,32.0,100000.0,2123.0,14.54,94.68,0.05,0.89,0.91,1.8,
0.333,0.333,1.085,25.0,100000.0,2157.0,14.56,94.75,0.05,0.91,0.91,1.8,
0.333,0.333,1.087,21.0,100000.0,2137.0,14.58,94.83,0.05,0.91,0.91,1.8,
0.333,0.333,1.09,20.0,100000.0,2132.0,14.6,94.9,0.05,0.9,0.91,1.8,
0.333,0.333,1.092,26.0,100000.0,2132.0,14.62,94.98,0.05,0.9,0.91,1.8,
0.333,0.333,1.095,26.0,100000.0,2140.0,14.64,95.05,0.05,0.91,0.91,1.8,
0.333,0.333,1.097,28.0,100000.0,2139.0,14.66,95.13,0.05,0.91,0.91,1.8,
0.333,0.333,1.1,17.0,100000.0,2141.0,14.68,95.2,0.05,0.9,0.91,1.8,
0.333,0.333,1.102,22.0,100000.0,2141.0,14.7,95.27,0.05,0.9,0.91,1.8,
0.333,0.333,1.105,30.0,100000.0,2141.0,14.72,95.35,0.05,0.9,0.91,1.8,
0.333,0.333,1.107,18.0,100000.0,2124.0,14.74,95.42,0.05,0.9,0.91,1.8,
0.333,0.333,1.11,23.0,100000.0,2124.0,14.77,95.49,0.05,0.9,0.91,1.8,
0.333,0.333,1.112,29.0,100000.0,2136.0,14.79,95.57,0.05,0.9,0.91,1.8,
0.333,0.333,1.115,20.0,100000.0,2133.0,14.81,95.64,0.05,0.9,0.91,1.8,
0.333,0.333,1.118,26.0,100000.0,2146.0,14.83,95.71,0.05,0.9,0.91,1.8,
0.333,0.333,1.12,26.0,100000.0,2135.0,14.85,95.78,0.05,0.9,0.91,1.8,
0.333,0.333,1.122,26.0,100000.0,2141.0,14.87,95.86,0.05,0.9,0.91,1.8,
0.333,0.333,1.125,13.0,100000.0,2146.0,14.89,95.93,0.05,0.9,0.91,1.8,
0.333,0.333,1.128,31.0,100000.0,2140.0,14.91,96.0,0.05,0.9,0.91,1.8,
0.333,0.333,1.13,23.0,100000.0,2141.0,14.93,96.07,0.05,0.9,0.91,1.8,
0.333,0.333,1.132,24.0,100000.0,2141.0,14.95,96.14,0.05,0.9,0.91,1.8,
0.333,0.333,1.135,29.0,100000.0,2147.0,14.97,96.22,0.05,0.9,0.91,1.8,
0.333,0.333,1.138,31.0,100000.0,2131.0,14.99,96.29,0.05,0.9,0.91,1.8,
0.333,0.333,1.14,30.0,100000.0,2130.0,15.01,96.36,0.05,0.9,0.91,1.8,
0.333,0.333,1.142,25.0,100000.0,2144.0,15.03,96.43,0.05,0.9,0.91,1.8,
0.333,0.333,1.145,15.0,100000.0,2131.0,15.05,96.5,0.05,0.9,0.91,1.8,
0.333,0.333,1.148,24.0,100000.0,2139.0,15.08,96.57,0.05,0.9,0.91,1.8,
0.333,0.333,1.15,20.0,100000.0,2139.0,15.1,96.64,0.05,0.9,0.91,1.8,
0.333,0.333,1.152,24.0,100000.0,2132.0,15.12,96.71,0.05,0.9,0.91,1.8,
0.333,0.333,1.155,27.0,100000.0,2131.0,15.14,96.78,0.05,0.9,0.91,1.8,
0.333,0.333,1.158,18.0,100000.0,2142.0,15.16,96.85,0.05,0.9,0.91,1.8,
0.333,0.333,1.16,27.0,100000.0,2128.0,15.18,96.92,0.05,0.9,0.91,1.8,
0.333,0.333,1.162,34.0,100000.0,2137.0,15.2,96.99,0.05,0.9,0.91,1.8,
0.333,0.333,1.165,29.0,100000.0,2124.0,15.22,97.06,0.05,0.9,0.91,1.8,
0.333,0.333,1.168,24.0,100000.0,2133.0,15.24,97.13,0.05,0.9,0.91,1.8,
0.333,0.333,1.17,23.0,100000.0,2130.0,15.26,97.2,0.05,0.9,0.91,1.8,
0.333,0.333,1.173,24.0,100000.0,2148.0,15.28,97.27,0.05,0.9,0.91,1.8,
0.333,0.333,1.175,21.0,100000.0,2128.0,15.31,97.34,0.05,0.9,0.91,1.8,
0.333,0.333,1.178,26.0,100000.0,2137.0,15.33,97.41,0.05,0.9,0.91,1.8,
0.333,0.333,1.18,25.0,100000.0,2124.0,15.35,97.48,0.05,0.9,0.91,1.8,
0.333,0.333,1.183,31.0,100000.0,2139.0,15.37,97.54,0.05,0.9,0.91,1.8,
0.333,0.333,1.185,29.0,100000.0,2139.0,15.39,97.61,0.05,0.9,0.91,1.8,
0.333,0.333,1.188,42.0,100000.0,2129.0,15.41,97.68,0.05,0.9,0.91,1.8,
0.333,0.333,1.19,19.0,100000.0,2128.0,15.43,97.75,0.05,0.9,0.91,1.8,
0.333,0.333,1.192,21.0,100000.0,2144.0,15.45,97.82,0.05,0.9,0.91,1.8,
0.333,0.333,1.195,30.0,100000.0,2133.0,15.47,97.89,0.05,0.9,0.91,1.8,
0.333,0.333,1.197,29.0,100000.0,2126.0,15.5,97.95,0.05,0.9,0.91,1.8,
0.333,0.333,1.2,19.0,100000.0,2146.0,15.52,98.02,0.05,0.9,0.91,1.8,
0.333,0.333,1.202,19.0,100000.0,2134.0,15.54,98.09,0.05,0.9,0.91,1.8,
0.333,0.333,1.205,30.0,100000.0,2128.0,15.56,98.16,0.05,0.9,0.91,1.8,
0.333,0.333,1.207,32.0,100000.0,2119.0,15.58,98.22,0.05,0.9,0.91,1.8,
0.333,0.333,1.21,29.0,100000.0,2116.0,15.6,98.29,0.05,0.9,0.91,1.8,
0.333,0.333,1.212,21.0,100000.0,2129.0,15.62,98.36,0.05,0.9,0.91,1.8,
0.333,0.333,1.215,19.0,100000.0,2121.0,15.64,98.42,0.05,0.9,0.91,1.8,
0.333,0.333,1.217,26.0,100000.0,2118.0,15.67,98.49,0.05,0.9,0.91,1.8,
0.333,0.333,1.22,17.0,100000.0,2138.0,15.69,98.56,0.05,0.9,0.91,1.8,
0.333,0.333,1.222,20.0,100000.0,2129.0,15.71,98.62,0.05,0.9,0.91,1.8,
0.333,0.333,1.225,21.0,100000.0,2136.0,15.73,98.69,0.05,0.9,0.91,1.8,
0.333,0.333,1.227,20.0,100000.0,2122.0,15.75,98.75,0.05,0.89,0.91,1.8,
0.333,0.333,1.23,17.0,100000.0,2131.0,15.77,98.82,0.05,0.89,0.91,1.8,
0.333,0.333,1.232,30.0,100000.0,2127.0,15.79,98.89,0.05,0.9,0.91,1.8,
0.333,0.333,1.235,25.0,100000.0,2143.0,15.81,98.95,0.05,0.9,0.91,1.8,
0.333,0.333,1.237,17.0,100000.0,2140.0,15.84,99.02,0.05,0.9,0.91,1.8,
0.333,0.333,1.24,11.0,100000.0,2133.0,15.86,99.08,0.05,0.9,0.91,1.8,
0.333,0.333,1.243,20.0,100000.0,2120.0,15.88,99.15,0.03,0.89,0.91,1.8,
0.333,0.333,1.245,27.0,100000.0,2132.0,15.9,99.21,0.03,0.89,0.91,1.8,
0.333,0.333,1.247,20.0,100000.0,2129.0,15.92,99.28,0.03,0.9,0.91,1.8,
0.333,0.333,1.25,27.0,100000.0,2131.0,15.94,99.34,0.03,0.9,0.91,1.8,
0.333,0.333,1.253,25.0,100000.0,2126.0,15.97,99.41,0.03,0.9,0.91,1.8,
0.333,0.333,1.255,31.0,100000.0,2159.0,15.99,99.47,0.03,0.9,0.91,1.8,
0.333,0.333,1.257,28.0,100000.0,2134.0,16.01,99.53,0.03,0.9,0.91,1.8,
0.333,0.333,1.26,31.0,100000.0,2141.0,16.03,99.6,0.03,0.9,0.91,1.8,
0.333,0.333,1.263,21.0,100000.0,2126.0,16.05,99.66,0.03,0.9,0.91,1.8,
0.333,0.333,1.265,26.0,100000.0,2121.0,16.07,99.73,0.03,0.9,0.91,1.8,
0.333,0.333,1.267,28.0,100000.0,2126.0,16.09,99.79,0.03,0.9,0.91,1.8,
0.333,0.333,1.27,25.0,100000.0,2138.0,16.12,99.85,0.03,0.9,0.91,1.8,
0.333,0.333,1.273,23.0,100000.0,2123.0,16.14,99.92,0.03,0.89,0.91,1.8,
0.333,0.333,1.275,32.0,100000.0,2130.0,16.16,99.98,0.03,0.89,0.91,1.8,
0.333,0.333,1.277,18.0,100000.0,2126.0,16.18,100.04,0.03,0.9,0.91,1.8,
0.333,0.333,1.28,25.0,100000.0,2126.0,16.2,100.1,0.03,0.9,0.91,1.8,
0.333,0.333,1.283,20.0,100000.0,2146.0,16.22,100.17,0.03,0.9,0.91,1.8,
0.333,0.333,1.285,27.0,100000.0,2134.0,16.25,100.23,0.03,0.9,0.91,1.8,
0.333,0.333,1.287,25.0,100000.0,2143.0,16.27,100.3,0.03,0.9,0.91,1.8,
0.333,0.333,1.29,23.0,100000.0,2127.0,16.29,100.36,0.03,0.9,0.91,1.8,
0.333,0.333,1.293,21.0,100000.0,2140.0,16.31,100.42,0.03,0.9,0.91,1.8,
0.333,0.333,1.295,24.0,100000.0,2143.0,16.33,100.48,0.03,0.9,0.91,1.8,
0.333,0.333,1.297,22.0,100000.0,2133.0,16.35,100.55,0.03,0.9,0.91,1.8,
0.333,0.333,1.3,24.0,100000.0,2134.0,16.38,100.61,0.03,0.9,0.91,1.8,
0.333,0.333,1.303,24.0,100000.0,2138.0,16.4,100.67,0.03,0.9,0.91,1.8,
0.333,0.333,1.305,27.0,100000.0,2140.0,16.42,100.73,0.03,0.9,0.91,1.8,
0.333,0.333,1.308,23.0,100000.0,2122.0,16.44,100.79,0.03,0.9,0.91,1.8,
0.333,0.333,1.31,24.0,100000.0,2136.0,16.46,100.85,0.03,0.9,0.91,1.8,
0.333,0.333,1.312,20.0,100000.0,2122.0,16.49,100.92,0.03,0.9,0.91,1.8,
0.333,0.333,1.315,20.0,100000.0,2139.0,16.51,100.98,0.03,0.91,0.91,1.8,
0.333,0.333,1.317,16.0,100000.0,2137.0,16.53,101.04,0.03,0.91,0.91,1.8,
0.333,0.333,1.32,18.0,100000.0,2142.0,16.55,101.1,0.03,0.91,0.91,1.8,
0.333,0.333,1.322,22.0,100000.0,2131.0,16.57,101.16,0.03,0.91,0.91,1.8,
0.333,0.333,1.325,26.0,100000.0,2129.0,16.59,101.22,0.03,0.93,0.91,1.8,
0.333,0.333,1.327,30.0,100000.0,2127.0,16.62,101.28,0.03,0.93,0.91,1.8,
0.333,0.333,1.33,33.0,100000.0,2121.0,16.64,101.34,0.03,0.99,0.91,1.8,
0.333,0.333,1.332,18.0,100000.0,2125.0,16.66,101.4,0.03,0.99,0.91,1.8,
0.333,0.333,1.335,21.0,100000.0,2130.0,16.68,101.46,0.03,0.97,0.91,1.8,
0.333,0.333,1.337,27.0,100000.0,2136.0,16.7,101.52,0.03,0.97,0.91,1.8,
0.333,0.333,1.34,23.0,100000.0,2120.0,16.73,101.58,0.03,0.95,0.91,1.8,
0.333,0.333,1.342,24.0,100000.0,2144.0,16.75,101.64,0.03,0.95,0.91,1.8,
0.333,0.333,1.345,37.0,100000.0,2141.0,16.77,101.7,0.03,0.94,0.91,1.8,
0.333,0.333,1.347,20.0,100000.0,2132.0,16.79,101.76,0.03,0.94,0.91,1.8,
0.333,0.333,1.35,22.0,100000.0,2134.0,16.81,101.82,0.03,0.9,0.91,1.8,
0.333,0.333,1.352,25.0,100000.0,2140.0,16.84,101.88,0.03,0.9,0.91,1.8,
0.333,0.333,1.355,27.0,100000.0,2139.0,16.86,101.94,0.03,0.89,0.91,1.8,
0.333,0.333,1.357,28.0,100000.0,2139.0,16.88,102.0,0.03,0.89,0.91,1.8,
0.333,0.333,1.36,28.0,100000.0,2131.0,16.9,102.06,0.03,0.89,0.91,1.8,
0.333,0.333,1.362,21.0,100000.0,2117.0,16.92,102.12,0.03,0.89,0.91,1.8,
0.333,0.333,1.365,24.0,100000.0,2135.0,16.95,102.18,0.03,0.88,0.91,1.8,
0.333,0.333,1.368,40.0,100000.0,2144.0,16.97,102.24,0.03,0.88,0.91,1.8,
0.333,0.333,1.37,12.0,100000.0,2127.0,16.99,102.29,0.03,0.88,0.91,1.8,
0.333,0.333,1.372,37.0,100000.0,2138.0,17.01,102.35,0.03,0.88,0.91,1.8,
0.333,0.333,1.375,32.0,100000.0,2129.0,17.04,102.41,0.03,0.88,0.91,1.8,
0.333,0.333,1.378,21.0,100000.0,2118.0,17.06,102.47,0.03,0.88,0.91,1.8,
0.333,0.333,1.38,29.0,100000.0,2131.0,17.08,102.53,0.03,0.88,0.91,1.8,
0.333,0.333,1.382,24.0,100000.0,2129.0,17.1,102.59,0.03,0.88,0.91,1.8,
0.333,0.333,1.385,23.0,100000.0,2145.0,17.12,102.64,0.03,0.88,0.91,1.8,
0.333,0.333,1.388,23.0,100000.0,2134.0,17.15,102.7,0.03,0.88,0.91,1.8,
0.333,0.333,1.39,25.0,100000.0,2132.0,17.17,102.76,0.03,0.87,0.91,1.8,
0.333,0.333,1.392,27.0,100000.0,2139.0,17.19,102.82,0.03,0.87,0.91,1.8,
0.333,0.333,1.395,25.0,100000.0,2137.0,17.21,102.87,0.03,0.88,0.91,1.8,
0.333,0.333,1.398,23.0,100000.0,2135.0,17.24,102.93,0.03,0.88,0.91,1.8,
0.333,0.333,1.4,27.0,100000.0,2123.0,17.26,102.99,0.03,0.87,0.91,1.8,
0.333,0.333,1.402,31.0,100000.0,2133.0,17.28,103.05,0.03,0.87,0.91,1.8,
0.333,0.333,1.405,29.0,100000.0,2129.0,17.3,103.1,0.03,0.87,0.91,1.8,
0.333,0.333,1.408,29.0,100000.0,2143.0,17.32,103.16,0.03,0.87,0.91,1.8,
0.333,0.333,1.41,36.0,100000.0,2134.0,17.35,103.22,0.03,0.87,0.91,1.8,
0.333,0.333,1.412,22.0,100000.0,2128.0,17.37,103.27,0.03,0.87,0.91,1.8,
0.333,0.333,1.415,27.0,100000.0,2124.0,17.39,103.33,0.03,0.87,0.91,1.8,
0.333,0.333,1.418,23.0,100000.0,2138.0,17.41,103.39,0.03,0.87,0.91,1.8,
0.333,0.333,1.42,27.0,100000.0,2150.0,17.44,103.44,0.03,0.87,0.91,1.8,
0.333,0.333,1.422,26.0,100000.0,2133.0,17.46,103.5,0.03,0.87,0.91,1.8,
0.333,0.333,1.425,26.0,100000.0,2127.0,17.48,103.55,0.03,0.88,0.91,1.8,
0.333,0.333,1.428,25.0,100000.0,2145.0,17.5,103.61,0.03,0.88,0.91,1.8,
0.333,0.333,1.43,23.0,100000.0,2137.0,17.53,103.67,0.03,0.88,0.91,1.8,
0.333,0.333,1.433,29.0,100000.0,2151.0,17.55,103.72,0.03,0.88,0.91,1.8,
0.333,0.333,1.435,27.0,100000.0,2128.0,17.57,103.78,0.03,0.88,0.91,1.8,
0.333,0.333,1.438,29.0,100000.0,2145.0,17.59,103.83,0.03,0.88,0.91,1.8,
0.333,0.333,1.44,28.0,100000.0,2129.0,17.62,103.89,0.03,0.88,0.91,1.8,
0.333,0.333,1.442,23.0,100000.0,2133.0,17.64,103.94,0.03,0.88,0.91,1.8,
0.333,0.333,1.445,25.0,100000.0,2140.0,17.66,104.0,0.03,0.89,0.91,1.8,
0.333,0.333,1.447,27.0,100000.0,2140.0,17.68,104.05,0.03,0.89,0.91,1.8,
0.333,0.333,1.45,18.0,100000.0,2127.0,17.71,104.11,0.03,0.89,0.91,1.8,
0.333,0.333,1.452,27.0,100000.0,2128.0,17.73,104.16,0.03,0.89,0.91,1.8,
0.333,0.333,1.455,29.0,100000.0,2127.0,17.75,104.22,0.03,0.89,0.91,1.8,
0.333,0.333,1.457,17.0,100000.0,2135.0,17.77,104.27,0.03,0.89,0.91,1.8,
0.333,0.333,1.46,37.0,100000.0,2150.0,17.8,104.33,0.03,0.89,0.91,1.8,
0.333,0.333,1.462,37.0,100000.0,2131.0,17.82,104.38,0.03,0.89,0.91,1.8,
0.333,0.333,1.465,27.0,100000.0,2137.0,17.84,104.44,0.03,0.9,0.91,1.8,
0.333,0.333,1.467,21.0,100000.0,2132.0,17.86,104.49,0.03,0.9,0.91,1.8,
0.333,0.333,1.47,26.0,100000.0,2135.0,17.89,104.55,0.03,0.9,0.91,1.8,
0.333,0.333,1.472,25.0,100000.0,2119.0,17.91,104.6,0.01,0.9,0.91,1.8,
0.333,0.333,1.475,28.0,100000.0,2140.0,17.93,104.65,0.01,0.9,0.91,1.8,
0.333,0.333,1.477,16.0,100000.0,2133.0,17.95,104.71,0.01,0.9,0.91,1.8,
0.333,0.333,1.48,25.0,100000.0,2128.0,17.98,104.76,0.01,0.9,0.91,1.8,
0.333,0.333,1.482,23.0,100000.0,2141.0,18.0,104.82,0.01,0.9,0.91,1.8,
0.333,0.333,1.485,23.0,100000.0,2138.0,18.02,104.87,0.01,0.9,0.91,1.8,
0.333,0.333,1.487,20.0,100000.0,2137.0,18.04,104.92,0.01,0.9,0.91,1.8,
0.333,0.333,1.49,29.0,100000.0,2138.0,18.07,104.98,0.01,0.9,0.91,1.8,
0.333,0.333,1.493,20.0,100000.0,2136.0,18.09,105.03,0.01,0.9,0.91,1.8,
0.333,0.333,1.495,18.0,100000.0,2136.0,18.11,105.08,0.01,0.9,0.91,1.8,
0.333,0.333,1.497,19.0,100000.0,2148.0,18.14,105.14,0.01,0.9,0.91,1.8,
0.333,0.333,1.5,29.0,100000.0,2133.0,18.16,105.19,0.01,0.91,0.91,1.8,
