0.333,0.333,-0.5,32.0,100000.0,2263.0,10.62,166.57,0.07,0.05,0.04,1.4,
0.333,0.333,-0.498,46.0,100000.0,2245.0,10.6,166.43,0.07,0.05,0.04,1.4,
0.333,0.333,-0.495,42.0,100000.0,2252.0,10.58,166.3,0.07,0.05,0.04,1.4,
0.333,0.333,-0.493,41.0,100000.0,2256.0,10.58,166.17,0.07,0.05,0.04,1.4,
0.333,0.333,-0.49,29.0,100000.0,2252.0,10.56,166.04,0.07,0.05,0.04,1.4,
0.333,0.333,-0.488,39.0,100000.0,2243.0,10.56,165.91,0.07,0.05,0.04,1.4,
0.333,0.333,-0.485,38.0,100000.0,2245.0,10.53,165.78,0.07,0.05,0.04,1.4,
0.333,0.333,-0.482,31.0,100000.0,2253.0,10.53,165.65,0.07,0.05,0.04,1.4,
0.333,0.333,-0.48,45.0,100000.0,2247.0,10.51,165.52,0.07,0.04,0.04,1.4,
0.333,0.333,-0.477,43.0,100000.0,2261.0,10.49,165.39,0.07,0.04,0.04,1.4,
0.333,0.333,-0.475,44.0,100000.0,2257.0,10.49,165.25,0.07,0.04,0.04,1.4,
0.333,0.333,-0.472,38.0,100000.0,2234.0,10.47,165.12,0.07,0.04,0.04,1.4,
0.333,0.333,-0.47,52.0,100000.0,2269.0,10.47,164.99,0.07,0.04,0.04,1.4,
0.333,0.333,-0.468,47.0,100000.0,2241.0,10.44,164.85,0.07,0.04,0.04,1.4,
0.333,0.333,-0.465,39.0,100000.0,2254.0,10.44,164.72,0.07,0.04,0.04,1.4,
0.333,0.333,-0.463,43.0,100000.0,2255.0,10.42,164.59,0.07,0.04,0.04,1.4,
0.333,0.333,-0.46,35.0,100000.0,2246.0,10.42,164.45,0.07,0.04,0.04,1.4,
0.333,0.333,-0.458,31.0,100000.0,2256.0,10.4,164.32,0.07,0.04,0.04,1.4,
0.333,0.333,-0.455,34.0,100000.0,2254.0,10.38,164.18,0.07,0.04,0.04,1.4,
0.333,0.333,-0.452,38.0,100000.0,2259.0,10.38,164.05,0.07,0.04,0.04,1.4,
0.333,0.333,-0.45,42.0,100000.0,2243.0,10.36,163.91,0.07,0.04,0.04,1.4,
0.333,0.333,-0.447,42.0,100000.0,2258.0,10.36,163.78,0.07,0.04,0.04,1.4,
0.333,0.333,-0.445,28.0,100000.0,2241.0,10.33,163.64,0.07,0.04,0.04,1.4,
0.333,0.333,-0.442,39.0,100000.0,2258.0,10.33,163.51,0.07,0.04,0.04,1.4,
0.333,0.333,-0.44,29.0,100000.0,2257.0,10.31,163.37,0.07,0.04,0.04,1.4,
0.333,0.333,-0.438,36.0,100000.0,2256.0,10.31,163.23,0.07,0.04,0.04,1.4,
0.333,0.333,-0.435,32.0,100000.0,2257.0,10.29,163.1,0.07,0.04,0.04,1.4,
0.333,0.333,-0.433,38.0,100000.0,2240.0,10.29,162.96,0.07,0.04,0.04,1.4,
0.333,0.333,-0.43,36.0,100000.0,2256.0,10.26,162.82,0.07,0.04,0.04,1.4,
0.333,0.333,-0.428,37.0,100000.0,2250.0,10.26,162.69,0.07,0.04,0.04,1.4,
0.333,0.333,-0.425,41.0,100000.0,2250.0,10.24,162.55,0.07,0.04,0.04,1.4,
0.333,0.333,-0.423,39.0,100000.0,2261.0,10.24,162.41,0.07,0.04,0.04,1.4,
0.333,0.333,-0.42,33.0,100000.0,2266.0,10.22,162.27,0.07,0.04,0.04,1.4,
0.333,0.333,-0.418,37.0,100000.0,2247.0,10.22,162.13,0.07,0.04,0.04,1.4,
0.333,0.333,-0.415,37.0,100000.0,2253.0,10.2,161.99,0.07,0.04,0.04,1.4,
0.333,0.333,-0.412,41.0,100000.0,2245.0,10.18,161.85,0.07,0.04,0.04,1.4,
0.333,0.333,-0.41,31.0,100000.0,2242.0,10.18,161.72,0.07,0.04,0.04,1.4,
0.333,0.333,-0.407,28.0,100000.0,2242.0,10.16,161.58,0.07,0.04,0.04,1.4,
0.333,0.333,-0.405,44.0,100000.0,2253.0,10.16,161.44,0.07,0.04,0.04,1.4,
0.333,0.333,-0.403,42.0,100000.0,2267.0,10.14,161.3,0.07,0.04,0.04,1.4,
0.333,0.333,-0.4,50.0,100000.0,2251.0,10.14,161.15,0.07,0.04,0.04,1.4,
0.333,0.333,-0.398,47.0,100000.0,2248.0,10.12,161.01,0.07,0.04,0.04,1.4,
0.333,0.333,-0.395,38.0,100000.0,2237.0,10.12,160.87,0.07,0.04,0.04,1.4,
0.333,0.333,-0.393,40.0,100000.0,2254.0,10.1,160.73,0.07,0.04,0.04,1.4,
0.333,0.333,-0.39,50.0,100000.0,2239.0,10.1,160.59,0.07,0.04,0.04,1.4,
0.333,0.333,-0.387,44.0,100000.0,2245.0,10.08,160.45,0.07,0.04,0.04,1.4,
0.333,0.333,-0.385,43.0,100000.0,2247.0,10.06,160.31,0.07,0.04,0.04,1.4,
0.333,0.333,-0.382,59.0,100000.0,2268.0,10.06,160.16,0.07,0.04,0.04,1.4,
0.333,0.333,-0.38,41.0,100000.0,2241.0,10.04,160.02,0.07,0.04,0.04,1.4,
0.333,0.333,-0.377,40.0,100000.0,2262.0,10.04,159.88,0.07,0.04,0.04,1.4,
0.333,0.333,-0.375,48.0,100000.0,2261.0,10.02,159.74,0.07,0.04,0.04,1.4,
0.333,0.333,-0.373,57.0,100000.0,2242.0,10.02,159.59,0.07,0.04,0.04,1.4,
0.333,0.333,-0.37,51.0,100000.0,2249.0,10.0,159.45,0.07,0.04,0.04,1.4,
0.333,0.333,-0.368,56.0,100000.0,2244.0,10.0,159.31,0.07,0.04,0.04,1.4,
0.333,0.333,-0.365,60.0,100000.0,2240.0,9.98,159.16,0.07,0.04,0.04,1.4,
0.333,0.333,-0.363,27.0,100000.0,2252.0,9.98,159.02,0.07,0.04,0.04,1.4,
0.333,0.333,-0.36,33.0,100000.0,2249.0,9.96,158.87,0.07,0.04,0.04,1.4,
0.333,0.333,-0.358,49.0,100000.0,2271.0,9.96,158.73,0.07,0.04,0.04,1.4,
0.333,0.333,-0.355,40.0,100000.0,2243.0,9.94,158.58,0.07,0.04,0.04,1.4,
0.333,0.333,-0.353,45.0,100000.0,2252.0,9.94,158.44,0.07,0.04,0.04,1.4,
0.333,0.333,-0.35,40.0,100000.0,2237.0,9.92,158.29,0.07,0.04,0.04,1.4,
0.333,0.333,-0.347,34.0,100000.0,2246.0,9.92,158.15,0.07,0.04,0.04,1.4,
0.333,0.333,-0.345,27.0,100000.0,2251.0,9.9,158.0,0.07,0.04,0.04,1.4,
0.333,0.333,-0.343,47.0,100000.0,2256.0,9.9,157.85,0.07,0.04,0.04,1.4,
0.333,0.333,-0.34,39.0,100000.0,2252.0,9.88,157.71,0.07,0.04,0.04,1.4,
0.333,0.333,-0.338,36.0,100000.0,2248.0,9.88,157.56,0.07,0.04,0.04,1.4,
0.333,0.333,-0.335,27.0,100000.0,2252.0,9.86,157.41,0.07,0.04,0.04,1.4,
0.333,0.333,-0.333,49.0,100000.0,2249.0,9.86,157.27,0.07,0.04,0.04,1.4,
0.333,0.333,-0.33,49.0,100000.0,2255.0,9.86,157.12,0.07,0.04,0.04,1.4,
0.333,0.333,-0.327,40.0,100000.0,2240.0,9.84,156.97,0.07,0.04,0.04,1.4,
0.333,0.333,-0.325,49.0,100000.0,2261.0,9.84,156.82,0.07,0.04,0.04,1.4,
0.333,0.333,-0.322,47.0,100000.0,2229.0,9.82,156.67,0.07,0.04,0.04,1.4,
0.333,0.333,-0.32,33.0,100000.0,2244.0,9.82,156.53,0.07,0.04,0.04,1.4,
0.333,0.333,-0.317,38.0,100000.0,2236.0,9.8,156.38,0.07,0.04,0.04,1.4,
0.333,0.333,-0.315,39.0,100000.0,2253.0,9.8,156.23,0.07,0.04,0.04,1.4,
0.333,0.333,-0.312,47.0,100000.0,2252.0,9.78,156.08,0.07,0.04,0.04,1.4,
0.333,0.333,-0.31,46.0,100000.0,2244.0,9.78,155.93,0.07,0.04,0.04,1.4,
0.333,0.333,-0.308,37.0,100000.0,2245.0,9.78,155.78,0.07,0.04,0.04,1.4,
0.333,0.333,-0.305,38.0,100000.0,2247.0,9.76,155.63,0.07,0.04,0.04,1.4,
0.333,0.333,-0.303,51.0,100000.0,2244.0,9.76,155.48,0.07,0.04,0.04,1.4,
0.333,0.333,-0.3,61.0,100000.0,2242.0,9.74,155.33,0.07,0.04,0.04,1.4,
0.333,0.333,-0.298,41.0,100000.0,2254.0,9.74,155.18,0.07,0.04,0.04,1.4,
0.333,0.333,-0.295,45.0,100000.0,2260.0,9.72,155.03,0.07,0.04,0.04,1.4,
0.333,0.333,-0.293,45.0,100000.0,2249.0,9.72,154.88,0.07,0.04,0.04,1.4,
0.333,0.333,-0.29,49.0,100000.0,2232.0,9.72,154.73,0.07,0.04,0.04,1.4,
0.333,0.333,-0.288,36.0,100000.0,2247.0,9.7,154.57,0.07,0.04,0.04,1.4,
0.333,0.333,-0.285,37.0,100000.0,2236.0,9.7,154.42,0.07,0.04,0.04,1.4,
0.333,0.333,-0.282,42.0,100000.0,2243.0,9.68,154.27,0.07,0.04,0.04,1.4,
0.333,0.333,-0.28,49.0,100000.0,2234.0,9.68,154.12,0.07,0.04,0.04,1.4,
0.333,0.333,-0.278,26.0,100000.0,2256.0,9.68,153.97,0.07,0.04,0.04,1.4,
0.333,0.333,-0.275,40.0,100000.0,2244.0,9.66,153.81,0.07,0.04,0.04,1.4,
0.333,0.333,-0.273,38.0,100000.0,2244.0,9.66,153.66,0.07,0.04,0.04,1.4,
0.333,0.333,-0.27,33.0,100000.0,2252.0,9.64,153.51,0.07,0.04,0.04,1.4,
0.333,0.333,-0.267,42.0,100000.0,2271.0,9.64,153.36,0.07,0.04,0.04,1.4,
0.333,0.333,-0.265,42.0,100000.0,2246.0,9.64,153.2,0.07,0.04,0.04,1.4,
0.333,0.333,-0.262,48.0,100000.0,2249.0,9.62,153.05,0.07,0.04,0.04,1.4,
0.333,0.333,-0.26,34.0,100000.0,2241.0,9.62,152.9,0.07,0.04,0.04,1.4,
0.333,0.333,-0.257,41.0,100000.0,2242.0,9.6,152.74,0.07,0.04,0.04,1.4,
0.333,0.333,-0.255,43.0,100000.0,2253.0,9.6,152.59,0.07,0.04,0.04,1.4,
0.333,0.333,-0.252,48.0,100000.0,2259.0,9.6,152.43,0.07,0.04,0.04,1.4,
0.333,0.333,-0.25,58.0,100000.0,2243.0,9.58,152.28,0.07,0.04,0.04,1.4,
0.333,0.333,-0.248,46.0,100000.0,2245.0,9.58,152.12,0.07,0.04,0.04,1.4,
0.333,0.333,-0.245,47.0,100000.0,2247.0,9.58,151.97,0.07,0.04,0.04,1.4,
0.333,0.333,-0.243,48.0,100000.0,2247.0,9.56,151.81,0.07,0.04,0.04,1.4,
0.333,0.333,-0.24,43.0,100000.0,2238.0,9.56,151.66,0.07,0.04,0.04,1.4,
0.333,0.333,-0.238,41.0,100000.0,2254.0,9.56,151.5,0.07,0.04,0.04,1.4,
0.333,0.333,-0.235,48.0,100000.0,2239.0,9.54,151.35,0.07,0.04,0.04,1.4,
0.333,0.333,-0.233,47.0,100000.0,2268.0,9.54,151.19,0.07,0.04,0.04,1.4,
0.333,0.333,-0.23,41.0,100000.0,2250.0,9.54,151.04,0.07,0.04,0.04,1.4,
0.333,0.333,-0.227,49.0,100000.0,2241.0,9.52,150.88,0.07,0.04,0.04,1.4,
0.333,0.333,-0.225,67.0,100000.0,2248.0,9.52,150.72,0.07,0.04,0.04,1.4,
0.333,0.333,-0.222,43.0,100000.0,2249.0,9.52,150.57,0.07,0.04,0.04,1.4,
0.333,0.333,-0.22,45.0,100000.0,2266.0,9.5,150.41,0.07,0.04,0.04,1.4,
0.333,0.333,-0.218,34.0,100000.0,2246.0,9.5,150.25,0.07,0.04,0.04,1.4,
0.333,0.333,-0.215,46.0,100000.0,2251.0,9.5,150.1,0.07,0.04,0.04,1.4,
0.333,0.333,-0.213,58.0,100000.0,2248.0,9.48,149.94,0.07,0.04,0.04,1.4,
0.333,0.333,-0.21,29.0,100000.0,2231.0,9.48,149.78,0.07,0.04,0.04,1.4,
0.333,0.333,-0.208,41.0,100000.0,2241.0,9.48,149.62,0.07,0.04,0.04,1.4,
0.333,0.333,-0.205,53.0,100000.0,2238.0,9.46,149.47,0.07,0.04,0.04,1.4,
0.333,0.333,-0.203,54.0,100000.0,2249.0,9.46,149.31,0.07,0.04,0.04,1.4,
0.333,0.333,-0.2,73.0,100000.0,2236.0,9.46,149.15,0.07,0.04,0.04,1.4,
0.333,0.333,-0.198,100.0,100000.0,2251.0,9.46,148.99,0.07,0.04,0.04,1.4,
0.333,0.333,-0.195,130.0,100000.0,2259.0,9.44,148.83,0.07,0.04,0.04,1.4,
0.333,0.333,-0.192,200.0,100000.0,2238.0,9.44,148.68,0.07,0.04,0.04,1.4,
0.333,0.333,-0.19,238.0,100000.0,2253.0,9.44,148.52,0.07,0.04,0.04,1.4,
0.333,0.333,-0.188,170.0,100000.0,2259.0,9.42,148.36,0.07,0.04,0.04,1.4,
0.333,0.333,-0.185,116.0,100000.0,2241.0,9.42,148.2,0.07,0.04,0.04,1.4,
0.333,0.333,-0.183,98.0,100000.0,2251.0,9.42,148.04,0.07,0.04,0.04,1.4,
0.333,0.333,-0.18,56.0,100000.0,2249.0,9.42,147.88,0.07,0.04,0.04,1.4,
0.333,0.333,-0.178,65.0,100000.0,2245.0,9.4,147.72,0.07,0.04,0.04,1.4,
0.333,0.333,-0.175,72.0,100000.0,2254.0,9.4,147.56,0.07,0.04,0.04,1.4,
0.333,0.333,-0.173,70.0,100000.0,2249.0,9.4,147.4,0.07,0.04,0.04,1.4,
0.333,0.333,-0.17,59.0,100000.0,2240.0,9.4,147.24,0.07,0.04,0.04,1.4,
0.333,0.333,-0.168,48.0,100000.0,2239.0,9.38,147.08,0.07,0.04,0.04,1.4,
0.333,0.333,-0.165,49.0,100000.0,2256.0,9.38,146.92,0.07,0.04,0.04,1.4,
0.333,0.333,-0.162,52.0,100000.0,2241.0,9.38,146.76,0.07,0.04,0.04,1.4,
0.333,0.333,-0.16,45.0,100000.0,2254.0,9.38,146.6,0.07,0.04,0.04,1.4,
0.333,0.333,-0.157,48.0,100000.0,2266.0,9.36,146.44,0.07,0.04,0.04,1.4,
0.333,0.333,-0.155,30.0,100000.0,2251.0,9.36,146.28,0.07,0.04,0.04,1.4,
0.333,0.333,-0.153,45.0,100000.0,2253.0,9.36,146.12,0.07,0.04,0.04,1.4,
0.333,0.333,-0.15,51.0,100000.0,2252.0,9.36,145.96,0.07,0.04,0.04,1.4,
0.333,0.333,-0.148,34.0,100000.0,2225.0,9.34,145.8,0.07,0.04,0.04,1.4,
0.333,0.333,-0.145,44.0,100000.0,2242.0,9.34,145.64,0.07,0.04,0.04,1.4,
0.333,0.333,-0.143,50.0,100000.0,2251.0,9.34,145.48,0.07,0.04,0.04,1.4,
0.333,0.333,-0.14,51.0,100000.0,2235.0,9.34,145.32,0.07,0.04,0.04,1.4,
0.333,0.333,-0.138,43.0,100000.0,2249.0,9.34,145.15,0.07,0.04,0.04,1.4,
0.333,0.333,-0.135,40.0,100000.0,2251.0,9.32,144.99,0.07,0.04,0.04,1.4,
0.333,0.333,-0.133,59.0,100000.0,2243.0,9.32,144.83,0.07,0.04,0.04,1.4,
0.333,0.333,-0.13,52.0,100000.0,2256.0,9.32,144.67,0.07,0.04,0.04,1.4,
0.333,0.333,-0.127,38.0,100000.0,2250.0,9.32,144.51,0.07,0.04,0.04,1.4,
0.333,0.333,-0.125,40.0,100000.0,2232.0,9.32,144.35,0.07,0.04,0.04,1.4,
0.333,0.333,-0.123,44.0,100000.0,2251.0,9.3,144.18,0.07,0.04,0.04,1.4,
0.333,0.333,-0.12,49.0,100000.0,2253.0,9.3,144.02,0.07,0.04,0.04,1.4,
0.333,0.333,-0.118,44.0,100000.0,2252.0,9.3,143.86,0.07,0.04,0.04,1.4,
0.333,0.333,-0.115,54.0,100000.0,2253.0,9.3,143.7,0.07,0.04,0.04,1.4,
0.333,0.333,-0.113,40.0,100000.0,2248.0,9.3,143.54,0.07,0.04,0.04,1.4,
0.333,0.333,-0.11,38.0,100000.0,2254.0,9.3,143.37,0.07,0.04,0.04,1.4,
0.333,0.333,-0.108,47.0,100000.0,2236.0,9.28,143.21,0.07,0.04,0.04,1.4,
0.333,0.333,-0.105,49.0,100000.0,2263.0,9.28,143.05,0.07,0.04,0.04,1.4,
0.333,0.333,-0.103,47.0,100000.0,2265.0,9.28,142.89,0.07,0.04,0.04,1.4,
0.333,0.333,-0.1,50.0,100000.0,2248.0,9.28,142.72,0.07,0.04,0.04,1.4,
0.333,0.333,-0.097,39.0,100000.0,2237.0,9.28,142.56,0.07,0.04,0.04,1.4,
0.333,0.333,-0.095,42.0,100000.0,2240.0,9.28,142.4,0.07,0.04,0.04,1.4,
0.333,0.333,-0.093,55.0,100000.0,2255.0,9.28,142.24,0.07,0.04,0.04,1.4,
0.333,0.333,-0.09,52.0,100000.0,2250.0,9.26,142.07,0.07,0.04,0.04,1.4,
0.333,0.333,-0.088,50.0,100000.0,2250.0,9.26,141.91,0.07,0.04,0.04,1.4,
0.333,0.333,-0.085,43.0,100000.0,2240.0,9.26,141.75,0.07,0.04,0.04,1.4,
0.333,0.333,-0.083,50.0,100000.0,2251.0,9.26,141.58,0.07,0.04,0.04,1.4,
0.333,0.333,-0.08,51.0,100000.0,2257.0,9.26,141.42,0.07,0.04,0.04,1.4,
0.333,0.333,-0.078,32.0,100000.0,2246.0,9.26,141.26,0.07,0.04,0.04,1.4,
0.333,0.333,-0.075,45.0,100000.0,2253.0,9.26,141.09,0.07,0.04,0.04,1.4,
0.333,0.333,-0.073,49.0,100000.0,2247.0,9.26,140.93,0.07,0.04,0.04,1.4,
0.333,0.333,-0.07,48.0,100000.0,2230.0,9.24,140.77,0.07,0.04,0.04,1.4,
0.333,0.333,-0.067,50.0,100000.0,2241.0,9.24,140.6,0.07,0.04,0.04,1.4,
0.333,0.333,-0.065,42.0,100000.0,2253.0,9.24,140.44,0.07,0.04,0.04,1.4,
0.333,0.333,-0.062,53.0,100000.0,2230.0,9.24,140.28,0.07,0.04,0.04,1.4,
0.333,0.333,-0.06,38.0,100000.0,2248.0,9.24,140.11,0.07,0.04,0.04,1.4,
0.333,0.333,-0.058,47.0,100000.0,2249.0,9.24,139.95,0.07,0.04,0.04,1.4,
0.333,0.333,-0.055,53.0,100000.0,2242.0,9.24,139.79,0.07,0.04,0.04,1.4,
0.333,0.333,-0.053,43.0,100000.0,2252.0,9.24,139.62,0.07,0.04,0.04,1.4,
0.333,0.333,-0.05,40.0,100000.0,2234.0,9.24,139.46,0.07,0.04,0.04,1.4,
0.333,0.333,-0.048,43.0,100000.0,2240.0,9.24,139.3,0.07,0.04,0.04,1.4,
0.333,0.333,-0.045,49.0,100000.0,2248.0,9.24,139.13,0.07,0.04,0.04,1.4,
0.333,0.333,-0.043,35.0,100000.0,2255.0,9.24,138.97,0.07,0.04,0.04,1.4,
0.333,0.333,-0.04,37.0,100000.0,2254.0,9.22,138.81,0.07,0.04,0.04,1.4,
0.333,0.333,-0.038,36.0,100000.0,2239.0,9.22,138.64,0.07,0.04,0.04,1.4,
0.333,0.333,-0.035,39.0,100000.0,2248.0,9.22,138.48,0.07,0.04,0.04,1.4,
0.333,0.333,-0.032,48.0,100000.0,2248.0,9.22,138.32,0.07,0.04,0.04,1.4,
0.333,0.333,-0.03,32.0,100000.0,2252.0,9.22,138.15,0.07,0.04,0.04,1.4,
0.333,0.333,-0.028,65.0,100000.0,2243.0,9.22,137.99,0.07,0.04,0.04,1.4,
0.333,0.333,-0.025,51.0,100000.0,2251.0,9.22,137.83,0.07,0.04,0.04,1.4,
0.333,0.333,-0.023,44.0,100000.0,2261.0,9.22,137.66,0.07,0.04,0.04,1.4,
0.333,0.333,-0.02,47.0,100000.0,2253.0,9.22,137.5,0.07,0.04,0.04,1.4,
0.333,0.333,-0.018,45.0,100000.0,2267.0,9.22,137.34,0.07,0.04,0.04,1.4,
0.333,0.333,-0.015,38.0,100000.0,2233.0,9.22,137.17,0.07,0.04,0.04,1.4,
0.333,0.333,-0.013,47.0,100000.0,2251.0,9.22,137.01,0.07,0.04,0.04,1.4,
0.333,0.333,-0.01,31.0,100000.0,2249.0,9.22,136.85,0.07,0.04,0.04,1.4,
0.333,0.333,-0.008,51.0,100000.0,2255.0,9.22,136.68,0.07,0.04,0.04,1.4,
0.333,0.333,-0.005,41.0,100000.0,2248.0,9.22,136.52,0.07,0.04,0.04,1.4,
0.333,0.333,-0.002,39.0,100000.0,2245.0,9.22,136.36,0.07,0.04,0.04,1.4,
0.333,0.333,0.0,53.0,100000.0,2242.0,9.22,136.19,0.07,0.04,0.04,1.4,
0.333,0.333,0.002,41.0,100000.0,2255.0,9.22,136.03,0.07,0.04,0.04,1.4,
0.333,0.333,0.005,40.0,100000.0,2255.0,9.22,135.87,0.07,0.04,0.04,1.4,
0.333,0.333,0.007,51.0,100000.0,2248.0,9.22,135.7,0.07,0.04,0.04,1.4,
0.333,0.333,0.01,39.0,100000.0,2242.0,9.22,135.54,0.07,0.04,0.04,1.4,
0.333,0.333,0.012,44.0,100000.0,2248.0,9.22,135.38,0.07,0.04,0.04,1.4,
0.333,0.333,0.015,38.0,100000.0,2255.0,9.22,135.21,0.07,0.04,0.04,1.4,
0.333,0.333,0.017,35.0,100000.0,2252.0,9.22,135.05,0.07,0.04,0.04,1.4,
0.333,0.333,0.02,50.0,100000.0,2248.0,9.22,134.89,0.07,0.04,0.04,1.4,
0.333,0.333,0.022,42.0,100000.0,2254.0,9.22,134.72,0.07,0.04,0.04,1.4,
0.333,0.333,0.025,52.0,100000.0,2245.0,9.22,134.56,0.07,0.04,0.04,1.4,
0.333,0.333,0.027,41.0,100000.0,2252.0,9.22,134.4,0.07,0.04,0.04,1.4,
0.333,0.333,0.03,42.0,100000.0,2243.0,9.22,134.24,0.07,0.04,0.04,1.4,
0.333,0.333,0.032,46.0,100000.0,2269.0,9.22,134.07,0.07,0.04,0.04,1.4,
0.333,0.333,0.035,45.0,100000.0,2254.0,9.22,133.91,0.07,0.04,0.04,1.4,
0.333,0.333,0.037,34.0,100000.0,2256.0,9.22,133.75,0.07,0.04,0.04,1.4,
0.333,0.333,0.04,42.0,100000.0,2252.0,9.22,133.59,0.07,0.04,0.04,1.4,
0.333,0.333,0.042,36.0,100000.0,2235.0,9.22,133.42,0.07,0.04,0.04,1.4,
0.333,0.333,0.045,48.0,100000.0,2255.0,9.22,133.26,0.07,0.04,0.04,1.4,
0.333,0.333,0.048,35.0,100000.0,2250.0,9.23,133.1,0.07,0.04,0.04,1.4,
0.333,0.333,0.05,53.0,100000.0,2266.0,9.23,132.94,0.07,0.04,0.04,1.4,
0.333,0.333,0.053,31.0,100000.0,2243.0,9.23,132.78,0.07,0.04,0.04,1.4,
0.333,0.333,0.055,38.0,100000.0,2257.0,9.23,132.61,0.07,0.04,0.04,1.4,
0.333,0.333,0.058,39.0,100000.0,2243.0,9.23,132.45,0.07,0.04,0.04,1.4,
0.333,0.333,0.06,38.0,100000.0,2254.0,9.23,132.29,0.07,0.04,0.04,1.4,
0.333,0.333,0.062,41.0,100000.0,2238.0,9.25,132.13,0.07,0.04,0.04,1.4,
0.333,0.333,0.065,48.0,100000.0,2245.0,9.25,131.97,0.07,0.04,0.04,1.4,
0.333,0.333,0.067,45.0,100000.0,2251.0,9.25,131.81,0.07,0.04,0.04,1.4,
0.333,0.333,0.07,38.0,100000.0,2237.0,9.25,131.65,0.07,0.04,0.04,1.4,
0.333,0.333,0.072,50.0,100000.0,2242.0,9.25,131.48,0.07,0.04,0.04,1.4,
0.333,0.333,0.075,48.0,100000.0,2258.0,9.25,131.32,0.07,0.04,0.04,1.4,
0.333,0.333,0.077,34.0,100000.0,2246.0,9.25,131.16,0.07,0.04,0.04,1.4,
0.333,0.333,0.08,49.0,100000.0,2264.0,9.25,131.0,0.07,0.04,0.04,1.4,
0.333,0.333,0.082,42.0,100000.0,2248.0,9.25,130.84,0.07,0.04,0.04,1.4,
0.333,0.333,0.085,48.0,100000.0,2248.0,9.27,130.68,0.07,0.04,0.04,1.4,
0.333,0.333,0.087,53.0,100000.0,2244.0,9.27,130.52,0.07,0.04,0.04,1.4,
0.333,0.333,0.09,44.0,100000.0,2235.0,9.27,130.36,0.07,0.04,0.04,1.4,
0.333,0.333,0.092,51.0,100000.0,2258.0,9.27,130.2,0.07,0.04,0.04,1.4,
0.333,0.333,0.095,33.0,100000.0,2246.0,9.27,130.04,0.07,0.04,0.04,1.4,
0.333,0.333,0.097,43.0,100000.0,2245.0,9.27,129.88,0.07,0.04,0.04,1.4,
0.333,0.333,0.1,51.0,100000.0,2246.0,9.27,129.72,0.07,0.04,0.04,1.4,
0.333,0.333,0.102,55.0,100000.0,2260.0,9.29,129.56,0.07,0.04,0.04,1.4,
0.333,0.333,0.105,38.0,100000.0,2232.0,9.29,129.4,0.07,0.04,0.04,1.4,
0.333,0.333,0.107,41.0,100000.0,2251.0,9.29,129.24,0.07,0.04,0.04,1.4,
0.333,0.333,0.11,47.0,100000.0,2258.0,9.29,129.08,0.07,0.04,0.04,1.4,
0.333,0.333,0.113,50.0,100000.0,2243.0,9.29,128.92,0.07,0.04,0.04,1.4,
0.333,0.333,0.115,53.0,100000.0,2253.0,9.29,128.77,0.07,0.04,0.04,1.4,
0.333,0.333,0.118,50.0,100000.0,2254.0,9.29,128.61,0.07,0.04,0.04,1.4,
0.333,0.333,0.12,39.0,100000.0,2246.0,9.31,128.45,0.07,0.04,0.04,1.4,
0.333,0.333,0.123,28.0,100000.0,2256.0,9.31,128.29,0.07,0.04,0.04,1.4,
0.333,0.333,0.125,44.0,100000.0,2244.0,9.31,128.13,0.07,0.04,0.04,1.4,
0.333,0.333,0.127,52.0,100000.0,2253.0,9.31,127.97,0.07,0.04,0.04,1.4,
0.333,0.333,0.13,48.0,100000.0,2249.0,9.31,127.82,0.07,0.04,0.04,1.4,
0.333,0.333,0.132,48.0,100000.0,2257.0,9.33,127.66,0.07,0.04,0.04,1.4,
0.333,0.333,0.135,50.0,100000.0,2245.0,9.33,127.5,0.07,0.04,0.04,1.4,
0.333,0.333,0.137,51.0,100000.0,2236.0,9.33,127.34,0.07,0.04,0.04,1.4,
0.333,0.333,0.14,57.0,100000.0,2240.0,9.33,127.19,0.07,0.04,0.04,1.4,
0.333,0.333,0.142,52.0,100000.0,2246.0,9.33,127.03,0.07,0.04,0.04,1.4,
0.333,0.333,0.145,50.0,100000.0,2244.0,9.35,126.87,0.07,0.04,0.04,1.4,
0.333,0.333,0.147,47.0,100000.0,2247.0,9.35,126.72,0.07,0.04,0.04,1.4,
0.333,0.333,0.15,42.0,100000.0,2236.0,9.35,126.56,0.07,0.04,0.04,1.4,
0.333,0.333,0.152,48.0,100000.0,2242.0,9.35,126.4,0.07,0.04,0.04,1.4,
0.333,0.333,0.155,48.0,100000.0,2247.0,9.37,126.25,0.07,0.04,0.04,1.4,
0.333,0.333,0.157,48.0,100000.0,2246.0,9.37,126.09,0.07,0.04,0.04,1.4,
0.333,0.333,0.16,44.0,100000.0,2246.0,9.37,125.93,0.07,0.04,0.04,1.4,
0.333,0.333,0.162,62.0,100000.0,2248.0,9.37,125.78,0.07,0.04,0.04,1.4,
0.333,0.333,0.165,58.0,100000.0,2265.0,9.37,125.62,0.07,0.04,0.04,1.4,
0.333,0.333,0.167,53.0,100000.0,2245.0,9.39,125.47,0.07,0.04,0.04,1.4,
0.333,0.333,0.17,58.0,100000.0,2252.0,9.39,125.31,0.07,0.04,0.04,1.4,
0.333,0.333,0.173,49.0,100000.0,2260.0,9.39,125.16,0.07,0.04,0.04,1.4,
0.333,0.333,0.175,80.0,100000.0,2240.0,9.39,125.0,0.07,0.04,0.04,1.4,
0.333,0.333,0.178,140.0,100000.0,2240.0,9.41,124.85,0.07,0.04,0.04,1.4,
0.333,0.333,0.18,182.0,100000.0,2243.0,9.41,124.7,0.07,0.04,0.04,1.4,
0.333,0.333,0.183,213.0,100000.0,2253.0,9.41,124.54,0.07,0.04,0.04,1.4,
0.333,0.333,0.185,186.0,100000.0,2245.0,9.43,124.39,0.07,0.04,0.04,1.4,
0.333,0.333,0.188,132.0,100000.0,2244.0,9.43,124.24,0.07,0.04,0.04,1.4,
0.333,0.333,0.19,94.0,100000.0,2244.0,9.43,124.08,0.07,0.04,0.04,1.4,
0.333,0.333,0.192,57.0,100000.0,2243.0,9.43,123.93,0.07,0.04,0.04,1.4,
0.333,0.333,0.195,49.0,100000.0,2243.0,9.45,123.78,0.07,0.04,0.04,1.4,
0.333,0.333,0.197,55.0,100000.0,2254.0,9.45,123.62,0.07,0.04,0.04,1.4,
0.333,0.333,0.2,54.0,100000.0,2239.0,9.45,123.47,0.07,0.04,0.04,1.4,
0.333,0.333,0.202,49.0,100000.0,2247.0,9.47,123.32,0.07,0.04,0.04,1.4,
0.333,0.333,0.205,57.0,100000.0,2234.0,9.47,123.17,0.07,0.04,0.04,1.4,
0.333,0.333,0.207,46.0,100000.0,2257.0,9.47,123.02,0.07,0.04,0.04,1.4,
0.333,0.333,0.21,34.0,100000.0,2250.0,9.47,122.86,0.07,0.04,0.04,1.4,
0.333,0.333,0.212,36.0,100000.0,2256.0,9.49,122.71,0.07,0.04,0.04,1.4,
0.333,0.333,0.215,40.0,100000.0,2252.0,9.49,122.56,0.07,0.04,0.04,1.4,
0.333,0.333,0.217,39.0,100000.0,2235.0,9.49,122.41,0.07,0.04,0.04,1.4,
0.333,0.333,0.22,34.0,100000.0,2255.0,9.51,122.26,0.07,0.04,0.04,1.4,
0.333,0.333,0.222,47.0,100000.0,2252.0,9.51,122.11,0.07,0.04,0.04,1.4,
0.333,0.333,0.225,44.0,100000.0,2259.0,9.51,121.96,0.07,0.04,0.04,1.4,
0.333,0.333,0.227,53.0,100000.0,2233.0,9.53,121.81,0.07,0.04,0.04,1.4,
0.333,0.333,0.23,44.0,100000.0,2250.0,9.53,121.66,0.07,0.04,0.04,1.4,
0.333,0.333,0.232,42.0,100000.0,2258.0,9.53,121.51,0.07,0.04,0.04,1.4,
0.333,0.333,0.235,27.0,100000.0,2252.0,9.55,121.36,0.07,0.04,0.04,1.4,
0.333,0.333,0.238,50.0,100000.0,2236.0,9.55,121.21,0.07,0.04,0.04,1.4,
0.333,0.333,0.24,45.0,100000.0,2236.0,9.55,121.07,0.07,0.04,0.04,1.4,
0.333,0.333,0.243,35.0,100000.0,2264.0,9.57,120.92,0.07,0.04,0.04,1.4,
0.333,0.333,0.245,54.0,100000.0,2249.0,9.57,120.77,0.07,0.04,0.04,1.4,
0.333,0.333,0.248,44.0,100000.0,2257.0,9.57,120.62,0.07,0.04,0.04,1.4,
0.333,0.333,0.25,34.0,100000.0,2235.0,9.59,120.47,0.07,0.04,0.04,1.4,
0.333,0.333,0.252,35.0,100000.0,2230.0,9.59,120.33,0.07,0.04,0.04,1.4,
0.333,0.333,0.255,45.0,100000.0,2246.0,9.59,120.18,0.07,0.04,0.04,1.4,
0.333,0.333,0.257,28.0,100000.0,2244.0,9.61,120.03,0.07,0.04,0.04,1.4,
0.333,0.333,0.26,47.0,100000.0,2261.0,9.61,119.89,0.07,0.04,0.04,1.4,
0.333,0.333,0.262,45.0,100000.0,2242.0,9.63,119.74,0.07,0.04,0.04,1.4,
0.333,0.333,0.265,42.0,100000.0,2247.0,9.63,119.59,0.07,0.04,0.04,1.4,
0.333,0.333,0.267,28.0,100000.0,2245.0,9.63,119.45,0.07,0.04,0.04,1.4,
0.333,0.333,0.27,42.0,100000.0,2237.0,9.65,119.3,0.07,0.04,0.04,1.4,
0.333,0.333,0.272,42.0,100000.0,2257.0,9.65,119.16,0.07,0.04,0.04,1.4,
0.333,0.333,0.275,37.0,100000.0,2250.0,9.67,119.01,0.07,0.04,0.04,1.4,
0.333,0.333,0.277,23.0,100000.0,2242.0,9.67,118.87,0.07,0.04,0.04,1.4,
0.333,0.333,0.28,39.0,100000.0,2255.0,9.67,118.72,0.07,0.04,0.04,1.4,
0.333,0.333,0.282,39.0,100000.0,2249.0,9.69,118.58,0.07,0.04,0.04,1.4,
0.333,0.333,0.285,52.0,100000.0,2232.0,9.69,118.44,0.07,0.04,0.04,1.4,
0.333,0.333,0.287,34.0,100000.0,2246.0,9.71,118.29,0.07,0.04,0.04,1.4,
0.333,0.333,0.29,42.0,100000.0,2260.0,9.71,118.15,0.07,0.04,0.04,1.4,
0.333,0.333,0.292,39.0,100000.0,2241.0,9.71,118.01,0.07,0.04,0.04,1.4,
0.333,0.333,0.295,41.0,100000.0,2260.0,9.73,117.86,0.07,0.04,0.04,1.4,
0.333,0.333,0.297,35.0,100000.0,2239.0,9.73,117.72,0.07,0.04,0.04,1.4,
0.333,0.333,0.3,37.0,100000.0,2248.0,9.75,117.58,0.07,0.04,0.04,1.4,
0.333,0.333,0.303,36.0,100000.0,2251.0,9.75,117.44,0.07,0.04,0.04,1.4,
0.333,0.333,0.305,37.0,100000.0,2238.0,9.75,117.3,0.07,0.04,0.04,1.4,
0.333,0.333,0.308,38.0,100000.0,2248.0,9.77,117.16,0.07,0.04,0.04,1.4,
0.333,0.333,0.31,42.0,100000.0,2241.0,9.77,117.02,0.07,0.04,0.04,1.4,
0.333,0.333,0.312,46.0,100000.0,2247.0,9.79,116.87,0.07,0.04,0.04,1.4,
0.333,0.333,0.315,36.0,100000.0,2254.0,9.79,116.73,0.07,0.04,0.04,1.4,
0.333,0.333,0.317,41.0,100000.0,2237.0,9.81,116.59,0.07,0.04,0.04,1.4,
0.333,0.333,0.32,39.0,100000.0,2241.0,9.81,116.45,0.07,0.04,0.04,1.4,
0.333,0.333,0.322,50.0,100000.0,2248.0,9.83,116.32,0.07,0.04,0.04,1.4,
0.333,0.333,0.325,51.0,100000.0,2259.0,9.83,116.18,0.07,0.04,0.04,1.4,
0.333,0.333,0.327,53.0,100000.0,2254.0,9.85,116.04,0.07,0.04,0.04,1.4,
0.333,0.333,0.33,45.0,100000.0,2245.0,9.85,115.9,0.07,0.04,0.04,1.4,
0.333,0.333,0.332,36.0,100000.0,2244.0,9.85,115.76,0.07,0.04,0.04,1.4,
0.333,0.333,0.335,40.0,100000.0,2263.0,9.87,115.63,0.07,0.04,0.04,1.4,
0.333,0.333,0.337,27.0,100000.0,2255.0,9.87,115.48,0.07,0.04,0.04,1.4,
0.333,0.333,0.34,38.0,100000.0,2241.0,9.89,115.35,0.07,0.04,0.04,1.4,
0.333,0.333,0.342,41.0,100000.0,2244.0,9.89,115.21,0.07,0.04,0.04,1.4,
0.333,0.333,0.345,41.0,100000.0,2259.0,9.91,115.07,0.07,0.04,0.04,1.4,
0.333,0.333,0.347,26.0,100000.0,2240.0,9.91,114.94,0.07,0.04,0.04,1.4,
0.333,0.333,0.35,44.0,100000.0,2227.0,9.93,114.8,0.07,0.04,0.04,1.4,
0.333,0.333,0.352,42.0,100000.0,2253.0,9.93,114.67,0.07,0.04,0.04,1.4,
0.333,0.333,0.355,21.0,100000.0,2246.0,9.95,114.53,0.07,0.04,0.04,1.4,
0.333,0.333,0.357,45.0,100000.0,2258.0,9.95,114.39,0.07,0.04,0.04,1.4,
0.333,0.333,0.36,44.0,100000.0,2259.0,9.97,114.26,0.07,0.04,0.04,1.4,
0.333,0.333,0.362,52.0,100000.0,2245.0,9.97,114.13,0.07,0.04,0.04,1.4,
0.333,0.333,0.365,51.0,100000.0,2256.0,9.99,113.99,0.07,0.04,0.04,1.4,
0.333,0.333,0.368,46.0,100000.0,2244.0,9.99,113.86,0.07,0.04,0.04,1.4,
0.333,0.333,0.37,43.0,100000.0,2246.0,10.01,113.72,0.07,0.04,0.04,1.4,
0.333,0.333,0.373,48.0,100000.0,2244.0,10.01,113.59,0.07,0.04,0.04,1.4,
0.333,0.333,0.375,37.0,100000.0,2241.0,10.03,113.46,0.07,0.04,0.04,1.4,
0.333,0.333,0.377,31.0,100000.0,2250.0,10.03,113.32,0.07,0.04,0.04,1.4,
0.333,0.333,0.38,52.0,100000.0,2250.0,10.05,113.19,0.07,0.04,0.04,1.4,
0.333,0.333,0.382,41.0,100000.0,2251.0,10.05,113.06,0.07,0.04,0.04,1.4,
0.333,0.333,0.385,41.0,100000.0,2264.0,10.07,112.93,0.07,0.04,0.04,1.4,
0.333,0.333,0.387,35.0,100000.0,2246.0,10.07,112.8,0.07,0.04,0.04,1.4,
0.333,0.333,0.39,36.0,100000.0,2233.0,10.09,112.67,0.07,0.04,0.04,1.4,
0.333,0.333,0.392,39.0,100000.0,2259.0,10.09,112.53,0.07,0.04,0.04,1.4,
0.333,0.333,0.395,42.0,100000.0,2269.0,10.12,112.4,0.07,0.04,0.04,1.4,
0.333,0.333,0.397,42.0,100000.0,2228.0,10.12,112.27,0.07,0.04,0.04,1.4,
0.333,0.333,0.4,38.0,100000.0,2255.0,10.14,112.14,0.07,0.04,0.04,1.4,
0.333,0.333,0.402,38.0,100000.0,2242.0,10.14,112.01,0.07,0.04,0.04,1.4,
0.333,0.333,0.405,34.0,100000.0,2238.0,10.16,111.89,0.07,0.04,0.04,1.4,
0.333,0.333,0.407,46.0,100000.0,2250.0,10.16,111.76,0.07,0.04,0.04,1.4,
0.333,0.333,0.41,39.0,100000.0,2250.0,10.18,111.63,0.07,0.04,0.04,1.4,
0.333,0.333,0.412,56.0,100000.0,2241.0,10.18,111.5,0.07,0.04,0.04,1.4,
0.333,0.333,0.415,42.0,100000.0,2241.0,10.2,111.37,0.07,0.04,0.04,1.4,
0.333,0.333,0.417,53.0,100000.0,2248.0,10.22,111.24,0.07,0.04,0.04,1.4,
0.333,0.333,0.42,29.0,100000.0,2252.0,10.22,111.12,0.07,0.04,0.04,1.4,
0.333,0.333,0.422,34.0,100000.0,2250.0,10.24,110.99,0.07,0.04,0.04,1.4,
0.333,0.333,0.425,42.0,100000.0,2249.0,10.24,110.86,0.07,0.04,0.04,1.4,
0.333,0.333,0.427,39.0,100000.0,2256.0,10.26,110.74,0.07,0.04,0.04,1.4,
0.333,0.333,0.43,40.0,100000.0,2247.0,10.26,110.61,0.07,0.04,0.04,1.4,
0.333,0.333,0.433,37.0,100000.0,2246.0,10.28,110.49,0.07,0.04,0.04,1.4,
0.333,0.333,0.435,38.0,100000.0,2247.0,10.3,110.36,0.07,0.04,0.04,1.4,
0.333,0.333,0.438,42.0,100000.0,2257.0,10.31,110.24,0.07,0.04,0.04,1.4,
0.333,0.333,0.44,42.0,100000.0,2250.0,10.31,110.11,0.07,0.04,0.04,1.4,
0.333,0.333,0.442,44.0,100000.0,2231.0,10.33,109.99,0.07,0.04,0.04,1.4,
0.333,0.333,0.445,44.0,100000.0,2248.0,10.33,109.86,0.07,0.04,0.04,1.4,
0.333,0.333,0.447,36.0,100000.0,2253.0,10.35,109.74,0.07,0.04,0.04,1.4,
0.333,0.333,0.45,50.0,100000.0,2243.0,10.37,109.61,0.07,0.04,0.04,1.4,
0.333,0.333,0.452,38.0,100000.0,2247.0,10.37,109.49,0.07,0.04,0.04,1.4,
0.333,0.333,0.455,35.0,100000.0,2248.0,10.39,109.37,0.07,0.04,0.04,1.4,
0.333,0.333,0.457,46.0,100000.0,2249.0,10.39,109.25,0.07,0.04,0.04,1.4,
0.333,0.333,0.46,39.0,100000.0,2250.0,10.42,109.12,0.07,0.04,0.04,1.4,
0.333,0.333,0.462,36.0,100000.0,2247.0,10.42,109.0,0.07,0.04,0.04,1.4,
0.333,0.333,0.465,41.0,100000.0,2265.0,10.44,108.88,0.07,0.04,0.04,1.4,
0.333,0.333,0.467,47.0,100000.0,2244.0,10.44,108.76,0.07,0.04,0.04,1.4,
0.333,0.333,0.47,21.0,100000.0,2255.0,10.46,108.64,0.07,0.04,0.04,1.4,
0.333,0.333,0.472,42.0,100000.0,2239.0,10.48,108.52,0.07,0.04,0.04,1.4,
0.333,0.333,0.475,36.0,100000.0,2239.0,10.48,108.4,0.07,0.04,0.04,1.4,
0.333,0.333,0.477,48.0,100000.0,2250.0,10.5,108.28,0.07,0.04,0.04,1.4,
0.333,0.333,0.48,36.0,100000.0,2241.0,10.5,108.16,0.07,0.04,0.04,1.4,
0.333,0.333,0.482,43.0,100000.0,2255.0,10.53,108.04,0.07,0.04,0.04,1.4,
0.333,0.333,0.485,41.0,100000.0,2269.0,10.53,107.92,0.07,0.04,0.04,1.4,
0.333,0.333,0.487,37.0,100000.0,2265.0,10.55,107.8,0.07,0.04,0.04,1.4,
0.333,0.333,0.49,34.0,100000.0,2242.0,10.57,107.68,0.07,0.04,0.04,1.4,
0.333,0.333,0.493,49.0,100000.0,2248.0,10.57,107.57,0.07,0.04,0.04,1.4,
0.333,0.333,0.495,52.0,100000.0,2237.0,10.59,107.45,0.07,0.04,0.04,1.4,
0.333,0.333,0.498,31.0,100000.0,2249.0,10.59,107.33,0.07,0.04,0.04,1.4,
0.333,0.333,0.5,43.0,100000.0,2254.0,10.62,107.22,0.07,0.04,0.04,1.4,
