0.333,0.333,-0.5,40.0,100000.0,2250.0,10.62,166.57,0.07,0.05,0.04,1.6,
0.333,0.333,-0.498,40.0,100000.0,2254.0,10.6,166.43,0.07,0.05,0.04,1.6,
0.333,0.333,-0.495,49.0,100000.0,2249.0,10.58,166.3,0.07,0.05,0.04,1.6,
0.333,0.333,-0.493,48.0,100000.0,2253.0,10.58,166.17,0.07,0.05,0.04,1.6,
0.333,0.333,-0.49,55.0,100000.0,2243.0,10.56,166.04,0.07,0.05,0.04,1.6,
0.333,0.333,-0.488,41.0,100000.0,2241.0,10.56,165.91,0.07,0.04,0.04,1.6,
0.333,0.333,-0.485,38.0,100000.0,2261.0,10.53,165.78,0.07,0.04,0.04,1.6,
0.333,0.333,-0.482,33.0,100000.0,2241.0,10.53,165.65,0.07,0.04,0.04,1.6,
0.333,0.333,-0.48,36.0,100000.0,2258.0,10.51,165.52,0.07,0.04,0.04,1.6,
0.333,0.333,-0.477,32.0,100000.0,2243.0,10.49,165.39,0.07,0.04,0.04,1.6,
0.333,0.333,-0.475,41.0,100000.0,2245.0,10.49,165.25,0.07,0.04,0.04,1.6,
0.333,0.333,-0.472,42.0,100000.0,2256.0,10.47,165.12,0.07,0.04,0.04,1.6,
0.333,0.333,-0.47,40.0,100000.0,2242.0,10.47,164.99,0.07,0.04,0.04,1.6,
0.333,0.333,-0.468,45.0,100000.0,2255.0,10.44,164.85,0.07,0.04,0.04,1.6,
0.333,0.333,-0.465,35.0,100000.0,2234.0,10.44,164.72,0.07,0.04,0.04,1.6,
0.333,0.333,-0.463,32.0,100000.0,2240.0,10.42,164.59,0.07,0.04,0.04,1.6,
0.333,0.333,-0.46,46.0,100000.0,2244.0,10.42,164.45,0.07,0.04,0.04,1.6,
0.333,0.333,-0.458,41.0,100000.0,2240.0,10.4,164.32,0.07,0.04,0.04,1.6,
0.333,0.333,-0.455,48.0,100000.0,2246.0,10.38,164.18,0.07,0.04,0.04,1.6,
0.333,0.333,-0.452,38.0,100000.0,2253.0,10.38,164.05,0.07,0.04,0.04,1.6,
0.333,0.333,-0.45,30.0,100000.0,2255.0,10.36,163.91,0.07,0.04,0.04,1.6,
0.333,0.333,-0.447,37.0,100000.0,2257.0,10.36,163.78,0.07,0.04,0.04,1.6,
0.333,0.333,-0.445,45.0,100000.0,2257.0,10.33,163.64,0.07,0.04,0.04,1.6,
0.333,0.333,-0.442,36.0,100000.0,2243.0,10.33,163.51,0.07,0.04,0.04,1.6,
0.333,0.333,-0.44,44.0,100000.0,2247.0,10.31,163.37,0.07,0.04,0.04,1.6,
0.333,0.333,-0.438,50.0,100000.0,2248.0,10.31,163.23,0.07,0.04,0.04,1.6,
0.333,0.333,-0.435,40.0,100000.0,2261.0,10.29,163.1,0.07,0.04,0.04,1.6,
0.333,0.333,-0.433,40.0,100000.0,2267.0,10.29,162.96,0.07,0.04,0.04,1.6,
0.333,0.333,-0.43,39.0,100000.0,2266.0,10.26,162.82,0.07,0.04,0.04,1.6,
0.333,0.333,-0.428,53.0,100000.0,2242.0,10.26,162.69,0.07,0.04,0.04,1.6,
0.333,0.333,-0.425,48.0,100000.0,2247.0,10.24,162.55,0.07,0.04,0.04,1.6,
0.333,0.333,-0.423,40.0,100000.0,2253.0,10.24,162.41,0.07,0.04,0.04,1.6,
0.333,0.333,-0.42,37.0,100000.0,2253.0,10.22,162.27,0.07,0.04,0.04,1.6,
0.333,0.333,-0.418,51.0,100000.0,2245.0,10.22,162.13,0.07,0.04,0.04,1.6,
0.333,0.333,-0.415,37.0,100000.0,2247.0,10.2,161.99,0.07,0.04,0.04,1.6,
0.333,0.333,-0.412,39.0,100000.0,2237.0,10.18,161.85,0.07,0.04,0.04,1.6,
0.333,0.333,-0.41,37.0,100000.0,2255.0,10.18,161.72,0.07,0.04,0.04,1.6,
0.333,0.333,-0.407,40.0,100000.0,2228.0,10.16,161.58,0.07,0.04,0.04,1.6,
0.333,0.333,-0.405,60.0,100000.0,2249.0,10.16,161.44,0.07,0.04,0.04,1.6,
0.333,0.333,-0.403,51.0,100000.0,2254.0,10.14,161.3,0.07,0.04,0.04,1.6,
0.333,0.333,-0.4,49.0,100000.0,2249.0,10.14,161.15,0.07,0.04,0.04,1.6,
0.333,0.333,-0.398,40.0,100000.0,2245.0,10.12,161.01,0.07,0.04,0.04,1.6,
0.333,0.333,-0.395,44.0,100000.0,2258.0,10.12,160.87,0.07,0.04,0.04,1.6,
0.333,0.333,-0.393,53.0,100000.0,2268.0,10.1,160.73,0.07,0.04,0.04,1.6,
0.333,0.333,-0.39,52.0,100000.0,2247.0,10.1,160.59,0.07,0.04,0.04,1.6,
0.333,0.333,-0.387,43.0,100000.0,2255.0,10.08,160.45,0.07,0.04,0.04,1.6,
0.333,0.333,-0.385,51.0,100000.0,2251.0,10.06,160.31,0.07,0.04,0.04,1.6,
0.333,0.333,-0.382,47.0,100000.0,2241.0,10.06,160.16,0.07,0.04,0.04,1.6,
0.333,0.333,-0.38,64.0,100000.0,2255.0,10.04,160.02,0.07,0.04,0.04,1.6,
0.333,0.333,-0.377,54.0,100000.0,2253.0,10.04,159.88,0.07,0.04,0.04,1.6,
0.333,0.333,-0.375,45.0,100000.0,2253.0,10.02,159.74,0.07,0.04,0.04,1.6,
0.333,0.333,-0.373,55.0,100000.0,2241.0,10.02,159.59,0.07,0.04,0.04,1.6,
0.333,0.333,-0.37,50.0,100000.0,2242.0,10.0,159.45,0.07,0.04,0.04,1.6,
0.333,0.333,-0.368,44.0,100000.0,2246.0,10.0,159.31,0.07,0.04,0.04,1.6,
0.333,0.333,-0.365,45.0,100000.0,2256.0,9.98,159.16,0.07,0.04,0.04,1.6,
0.333,0.333,-0.363,47.0,100000.0,2243.0,9.98,159.02,0.07,0.04,0.04,1.6,
0.333,0.333,-0.36,48.0,100000.0,2255.0,9.96,158.87,0.07,0.04,0.04,1.6,
0.333,0.333,-0.358,48.0,100000.0,2252.0,9.96,158.73,0.07,0.04,0.04,1.6,
0.333,0.333,-0.355,51.0,100000.0,2245.0,9.94,158.58,0.07,0.04,0.04,1.6,
0.333,0.333,-0.353,39.0,100000.0,2243.0,9.94,158.44,0.07,0.04,0.04,1.6,
0.333,0.333,-0.35,42.0,100000.0,2244.0,9.92,158.29,0.07,0.04,0.04,1.6,
0.333,0.333,-0.347,40.0,100000.0,2242.0,9.92,158.15,0.07,0.04,0.04,1.6,
0.333,0.333,-0.345,51.0,100000.0,2248.0,9.9,158.0,0.07,0.04,0.04,1.6,
0.333,0.333,-0.343,39.0,100000.0,2243.0,9.9,157.85,0.07,0.04,0.04,1.6,
0.333,0.333,-0.34,41.0,100000.0,2250.0,9.88,157.71,0.07,0.04,0.04,1.6,
0.333,0.333,-0.338,45.0,100000.0,2242.0,9.88,157.56,0.07,0.04,0.04,1.6,
0.333,0.333,-0.335,46.0,100000.0,2267.0,9.86,157.41,0.07,0.04,0.04,1.6,
0.333,0.333,-0.333,54.0,100000.0,2252.0,9.86,157.27,0.07,0.04,0.04,1.6,
0.333,0.333,-0.33,39.0,100000.0,2250.0,9.86,157.12,0.07,0.04,0.04,1.6,
0.333,0.333,-0.327,40.0,100000.0,2254.0,9.84,156.97,0.07,0.04,0.04,1.6,
0.333,0.333,-0.325,52.0,100000.0,2249.0,9.84,156.82,0.07,0.04,0.04,1.6,
0.333,0.333,-0.322,36.0,100000.0,2254.0,9.82,156.67,0.07,0.04,0.04,1.6,
0.333,0.333,-0.32,48.0,100000.0,2253.0,9.82,156.53,0.07,0.04,0.04,1.6,
0.333,0.333,-0.317,49.0,100000.0,2250.0,9.8,156.38,0.07,0.04,0.04,1.6,
0.333,0.333,-0.315,48.0,100000.0,2239.0,9.8,156.23,0.07,0.04,0.04,1.6,
0.333,0.333,-0.312,30.0,100000.0,2257.0,9.78,156.08,0.07,0.04,0.04,1.6,
0.333,0.333,-0.31,53.0,100000.0,2240.0,9.78,155.93,0.07,0.04,0.04,1.6,
0.333,0.333,-0.308,62.0,100000.0,2234.0,9.78,155.78,0.07,0.04,0.04,1.6,
0.333,0.333,-0.305,37.0,100000.0,2254.0,9.76,155.63,0.07,0.04,0.04,1.6,
0.333,0.333,-0.303,42.0,100000.0,2260.0,9.76,155.48,0.07,0.04,0.04,1.6,
0.333,0.333,-0.3,52.0,100000.0,2267.0,9.74,155.33,0.07,0.04,0.04,1.6,
0.333,0.333,-0.298,44.0,100000.0,2249.0,9.74,155.18,0.07,0.04,0.04,1.6,
0.333,0.333,-0.295,34.0,100000.0,2246.0,9.72,155.03,0.07,0.04,0.04,1.6,
0.333,0.333,-0.293,51.0,100000.0,2236.0,9.72,154.88,0.07,0.04,0.04,1.6,
0.333,0.333,-0.29,37.0,100000.0,2250.0,9.72,154.73,0.07,0.04,0.04,1.6,
0.333,0.333,-0.288,45.0,100000.0,2250.0,9.7,154.57,0.07,0.04,0.04,1.6,
0.333,0.333,-0.285,41.0,100000.0,2240.0,9.7,154.42,0.07,0.04,0.04,1.6,
0.333,0.333,-0.282,40.0,100000.0,2245.0,9.68,154.27,0.07,0.04,0.04,1.6,
0.333,0.333,-0.28,40.0,100000.0,2249.0,9.67,154.12,0.07,0.04,0.04,1.6,
0.333,0.333,-0.278,30.0,100000.0,2237.0,9.67,153.97,0.07,0.04,0.04,1.6,
0.333,0.333,-0.275,38.0,100000.0,2263.0,9.67,153.81,0.07,0.04,0.04,1.6,
0.333,0.333,-0.273,49.0,100000.0,2248.0,9.65,153.66,0.07,0.04,0.04,1.6,
0.333,0.333,-0.27,40.0,100000.0,2252.0,9.65,153.51,0.07,0.04,0.04,1.6,
0.333,0.333,-0.267,44.0,100000.0,2242.0,9.63,153.36,0.07,0.04,0.04,1.6,
0.333,0.333,-0.265,48.0,100000.0,2243.0,9.63,153.2,0.07,0.04,0.04,1.6,
0.333,0.333,-0.262,41.0,100000.0,2238.0,9.63,153.05,0.07,0.04,0.04,1.6,
0.333,0.333,-0.26,39.0,100000.0,2237.0,9.61,152.9,0.07,0.04,0.04,1.6,
0.333,0.333,-0.257,54.0,100000.0,2250.0,9.61,152.74,0.07,0.04,0.04,1.6,
0.333,0.333,-0.255,51.0,100000.0,2250.0,9.61,152.59,0.07,0.04,0.04,1.6,
0.333,0.333,-0.252,51.0,100000.0,2251.0,9.59,152.43,0.07,0.04,0.04,1.6,
0.333,0.333,-0.25,43.0,100000.0,2240.0,9.59,152.28,0.07,0.04,0.04,1.6,
0.333,0.333,-0.248,49.0,100000.0,2247.0,9.57,152.12,0.07,0.04,0.04,1.6,
0.333,0.333,-0.245,33.0,100000.0,2243.0,9.57,151.97,0.07,0.04,0.04,1.6,
0.333,0.333,-0.243,40.0,100000.0,2246.0,9.57,151.81,0.07,0.04,0.04,1.6,
0.333,0.333,-0.24,50.0,100000.0,2239.0,9.55,151.66,0.07,0.04,0.04,1.6,
0.333,0.333,-0.238,43.0,100000.0,2228.0,9.55,151.5,0.07,0.04,0.04,1.6,
0.333,0.333,-0.235,48.0,100000.0,2236.0,9.55,151.35,0.07,0.04,0.04,1.6,
0.333,0.333,-0.233,51.0,100000.0,2226.0,9.53,151.19,0.07,0.04,0.04,1.6,
0.333,0.333,-0.23,35.0,100000.0,2253.0,9.53,151.04,0.07,0.04,0.04,1.6,
0.333,0.333,-0.227,51.0,100000.0,2243.0,9.53,150.88,0.07,0.04,0.04,1.6,
0.333,0.333,-0.225,30.0,100000.0,2253.0,9.51,150.72,0.07,0.04,0.04,1.6,
0.333,0.333,-0.222,49.0,100000.0,2256.0,9.51,150.57,0.07,0.04,0.04,1.6,
0.333,0.333,-0.22,45.0,100000.0,2245.0,9.51,150.41,0.07,0.04,0.04,1.6,
0.333,0.333,-0.218,52.0,100000.0,2254.0,9.49,150.25,0.07,0.04,0.04,1.6,
0.333,0.333,-0.215,39.0,100000.0,2252.0,9.49,150.1,0.07,0.04,0.04,1.6,
0.333,0.333,-0.213,41.0,100000.0,2258.0,9.49,149.94,0.07,0.04,0.04,1.6,
0.333,0.333,-0.21,42.0,100000.0,2263.0,9.49,149.78,0.07,0.04,0.04,1.6,
0.333,0.333,-0.208,42.0,100000.0,2243.0,9.47,149.62,0.07,0.04,0.04,1.6,
0.333,0.333,-0.205,48.0,100000.0,2249.0,9.47,149.47,0.07,0.04,0.04,1.6,
0.333,0.333,-0.203,49.0,100000.0,2240.0,9.47,149.31,0.07,0.04,0.04,1.6,
0.333,0.333,-0.2,58.0,100000.0,2257.0,9.45,149.15,0.07,0.04,0.04,1.6,
0.333,0.333,-0.198,78.0,100000.0,2260.0,9.45,148.99,0.07,0.04,0.04,1.6,
0.333,0.333,-0.195,113.0,100000.0,2253.0,9.45,148.83,0.07,0.04,0.04,1.6,
0.333,0.333,-0.192,176.0,100000.0,2262.0,9.43,148.68,0.07,0.04,0.04,1.6,
0.333,0.333,-0.19,189.0,100000.0,2258.0,9.43,148.52,0.07,0.04,0.04,1.6,
0.333,0.333,-0.188,173.0,100000.0,2243.0,9.43,148.36,0.07,0.04,0.04,1.6,
0.333,0.333,-0.185,130.0,100000.0,2243.0,9.43,148.2,0.07,0.04,0.04,1.6,
0.333,0.333,-0.183,77.0,100000.0,2234.0,9.41,148.04,0.07,0.04,0.04,1.6,
0.333,0.333,-0.18,55.0,100000.0,2235.0,9.41,147.88,0.07,0.04,0.04,1.6,
0.333,0.333,-0.178,88.0,100000.0,2254.0,9.41,147.72,0.07,0.04,0.04,1.6,
0.333,0.333,-0.175,72.0,100000.0,2240.0,9.41,147.56,0.07,0.04,0.04,1.6,
0.333,0.333,-0.173,69.0,100000.0,2253.0,9.39,147.4,0.07,0.04,0.04,1.6,
0.333,0.333,-0.17,71.0,100000.0,2260.0,9.39,147.24,0.07,0.04,0.04,1.6,
0.333,0.333,-0.168,68.0,100000.0,2246.0,9.39,147.08,0.07,0.04,0.04,1.6,
0.333,0.333,-0.165,52.0,100000.0,2256.0,9.39,146.92,0.07,0.04,0.04,1.6,
0.333,0.333,-0.162,43.0,100000.0,2257.0,9.37,146.76,0.07,0.04,0.04,1.6,
0.333,0.333,-0.16,44.0,100000.0,2247.0,9.37,146.6,0.07,0.04,0.04,1.6,
0.333,0.333,-0.157,34.0,100000.0,2259.0,9.37,146.44,0.07,0.04,0.04,1.6,
0.333,0.333,-0.155,43.0,100000.0,2235.0,9.37,146.28,0.07,0.04,0.04,1.6,
0.333,0.333,-0.153,52.0,100000.0,2244.0,9.35,146.12,0.07,0.04,0.04,1.6,
0.333,0.333,-0.15,52.0,100000.0,2250.0,9.35,145.96,0.07,0.04,0.04,1.6,
0.333,0.333,-0.148,49.0,100000.0,2246.0,9.35,145.8,0.07,0.04,0.04,1.6,
0.333,0.333,-0.145,44.0,100000.0,2238.0,9.35,145.64,0.07,0.04,0.04,1.6,
0.333,0.333,-0.143,44.0,100000.0,2260.0,9.35,145.48,0.07,0.04,0.04,1.6,
0.333,0.333,-0.14,45.0,100000.0,2242.0,9.33,145.32,0.07,0.04,0.04,1.6,
0.333,0.333,-0.138,53.0,100000.0,2251.0,9.33,145.15,0.07,0.04,0.04,1.6,
0.333,0.333,-0.135,51.0,100000.0,2259.0,9.33,144.99,0.07,0.04,0.04,1.6,
0.333,0.333,-0.133,50.0,100000.0,2247.0,9.33,144.83,0.07,0.04,0.04,1.6,
0.333,0.333,-0.13,41.0,100000.0,2252.0,9.33,144.67,0.07,0.04,0.04,1.6,
0.333,0.333,-0.127,34.0,100000.0,2253.0,9.31,144.51,0.07,0.04,0.04,1.6,
0.333,0.333,-0.125,56.0,100000.0,2239.0,9.31,144.35,0.07,0.04,0.04,1.6,
0.333,0.333,-0.123,49.0,100000.0,2262.0,9.31,144.18,0.07,0.04,0.04,1.6,
0.333,0.333,-0.12,46.0,100000.0,2256.0,9.31,144.02,0.07,0.04,0.04,1.6,
0.333,0.333,-0.118,48.0,100000.0,2248.0,9.31,143.86,0.07,0.04,0.04,1.6,
0.333,0.333,-0.115,50.0,100000.0,2246.0,9.29,143.7,0.07,0.04,0.04,1.6,
0.333,0.333,-0.113,44.0,100000.0,2239.0,9.29,143.54,0.07,0.04,0.04,1.6,
0.333,0.333,-0.11,40.0,100000.0,2249.0,9.29,143.37,0.07,0.04,0.04,1.6,
0.333,0.333,-0.108,41.0,100000.0,2246.0,9.29,143.21,0.07,0.04,0.04,1.6,
0.333,0.333,-0.105,43.0,100000.0,2252.0,9.29,143.05,0.07,0.04,0.04,1.6,
0.333,0.333,-0.103,51.0,100000.0,2246.0,9.29,142.89,0.07,0.04,0.04,1.6,
0.333,0.333,-0.1,37.0,100000.0,2246.0,9.27,142.72,0.07,0.04,0.04,1.6,
0.333,0.333,-0.097,53.0,100000.0,2251.0,9.27,142.56,0.07,0.04,0.04,1.6,
0.333,0.333,-0.095,34.0,100000.0,2250.0,9.27,142.4,0.07,0.04,0.04,1.6,
0.333,0.333,-0.093,50.0,100000.0,2254.0,9.27,142.24,0.07,0.04,0.04,1.6,
0.333,0.333,-0.09,43.0,100000.0,2256.0,9.27,142.07,0.07,0.04,0.04,1.6,
0.333,0.333,-0.088,39.0,100000.0,2232.0,9.27,141.91,0.07,0.04,0.04,1.6,
0.333,0.333,-0.085,50.0,100000.0,2251.0,9.27,141.75,0.07,0.04,0.04,1.6,
0.333,0.333,-0.083,31.0,100000.0,2255.0,9.27,141.58,0.07,0.04,0.04,1.6,
0.333,0.333,-0.08,47.0,100000.0,2247.0,9.25,141.42,0.07,0.04,0.04,1.6,
0.333,0.333,-0.078,47.0,100000.0,2244.0,9.25,141.26,0.07,0.04,0.04,1.6,
0.333,0.333,-0.075,53.0,100000.0,2258.0,9.25,141.09,0.07,0.04,0.04,1.6,
0.333,0.333,-0.073,45.0,100000.0,2235.0,9.25,140.93,0.07,0.04,0.04,1.6,
0.333,0.333,-0.07,49.0,100000.0,2241.0,9.25,140.77,0.07,0.04,0.04,1.6,
0.333,0.333,-0.067,30.0,100000.0,2245.0,9.25,140.6,0.07,0.04,0.04,1.6,
0.333,0.333,-0.065,37.0,100000.0,2251.0,9.25,140.44,0.07,0.04,0.04,1.6,
0.333,0.333,-0.062,47.0,100000.0,2256.0,9.25,140.28,0.07,0.04,0.04,1.6,
0.333,0.333,-0.06,48.0,100000.0,2253.0,9.25,140.11,0.07,0.04,0.04,1.6,
0.333,0.333,-0.058,47.0,100000.0,2248.0,9.23,139.95,0.07,0.04,0.04,1.6,
0.333,0.333,-0.055,43.0,100000.0,2255.0,9.23,139.79,0.07,0.04,0.04,1.6,
0.333,0.333,-0.053,38.0,100000.0,2257.0,9.23,139.62,0.07,0.04,0.04,1.6,
0.333,0.333,-0.05,55.0,100000.0,2267.0,9.23,139.46,0.07,0.04,0.04,1.6,
0.333,0.333,-0.048,35.0,100000.0,2252.0,9.23,139.3,0.07,0.04,0.04,1.6,
0.333,0.333,-0.045,37.0,100000.0,2241.0,9.23,139.13,0.07,0.04,0.04,1.6,
0.333,0.333,-0.043,47.0,100000.0,2237.0,9.23,138.97,0.07,0.04,0.04,1.6,
0.333,0.333,-0.04,45.0,100000.0,2250.0,9.23,138.81,0.07,0.04,0.04,1.6,
0.333,0.333,-0.038,45.0,100000.0,2244.0,9.23,138.64,0.07,0.04,0.04,1.6,
0.333,0.333,-0.035,47.0,100000.0,2264.0,9.23,138.48,0.07,0.04,0.04,1.6,
0.333,0.333,-0.032,55.0,100000.0,2244.0,9.23,138.32,0.07,0.04,0.04,1.6,
0.333,0.333,-0.03,43.0,100000.0,2264.0,9.23,138.15,0.07,0.04,0.04,1.6,
0.333,0.333,-0.028,39.0,100000.0,2267.0,9.23,137.99,0.07,0.04,0.04,1.6,
0.333,0.333,-0.025,41.0,100000.0,2257.0,9.23,137.83,0.07,0.04,0.04,1.6,
0.333,0.333,-0.023,45.0,100000.0,2239.0,9.23,137.66,0.07,0.04,0.04,1.6,
0.333,0.333,-0.02,38.0,100000.0,2247.0,9.23,137.5,0.07,0.04,0.04,1.6,
0.333,0.333,-0.018,40.0,100000.0,2261.0,9.23,137.34,0.07,0.04,0.04,1.6,
0.333,0.333,-0.015,48.0,100000.0,2246.0,9.23,137.17,0.07,0.04,0.04,1.6,
0.333,0.333,-0.013,43.0,100000.0,2243.0,9.23,137.01,0.07,0.04,0.04,1.6,
0.333,0.333,-0.01,52.0,100000.0,2263.0,9.23,136.85,0.07,0.04,0.04,1.6,
0.333,0.333,-0.008,44.0,100000.0,2248.0,9.21,136.68,0.07,0.04,0.04,1.6,
0.333,0.333,-0.005,33.0,100000.0,2253.0,9.21,136.52,0.07,0.04,0.04,1.6,
0.333,0.333,-0.002,41.0,100000.0,2264.0,9.21,136.36,0.07,0.04,0.04,1.6,
0.333,0.333,0.0,41.0,100000.0,2240.0,9.21,136.19,0.07,0.04,0.04,1.6,
0.333,0.333,0.002,46.0,100000.0,2267.0,9.21,136.03,0.07,0.04,0.04,1.6,
0.333,0.333,0.005,45.0,100000.0,2239.0,9.21,135.87,0.07,0.04,0.04,1.6,
0.333,0.333,0.007,42.0,100000.0,2249.0,9.21,135.7,0.07,0.04,0.04,1.6,
0.333,0.333,0.01,42.0,100000.0,2247.0,9.21,135.54,0.07,0.04,0.04,1.6,
0.333,0.333,0.012,36.0,100000.0,2244.0,9.21,135.38,0.07,0.04,0.04,1.6,
0.333,0.333,0.015,34.0,100000.0,2246.0,9.21,135.21,0.07,0.04,0.04,1.6,
0.333,0.333,0.017,52.0,100000.0,2244.0,9.21,135.05,0.07,0.04,0.04,1.6,
0.333,0.333,0.02,44.0,100000.0,2253.0,9.21,134.89,0.07,0.04,0.04,1.6,
0.333,0.333,0.022,35.0,100000.0,2269.0,9.22,134.72,0.07,0.04,0.04,1.6,
0.333,0.333,0.025,56.0,100000.0,2253.0,9.22,134.56,0.07,0.04,0.04,1.6,
0.333,0.333,0.027,47.0,100000.0,2248.0,9.22,134.4,0.07,0.04,0.04,1.6,
0.333,0.333,0.03,50.0,100000.0,2238.0,9.22,134.24,0.07,0.04,0.04,1.6,
0.333,0.333,0.032,41.0,100000.0,2251.0,9.22,134.07,0.07,0.04,0.04,1.6,
0.333,0.333,0.035,44.0,100000.0,2242.0,9.22,133.91,0.07,0.04,0.04,1.6,
0.333,0.333,0.037,43.0,100000.0,2248.0,9.22,133.75,0.07,0.04,0.04,1.6,
0.333,0.333,0.04,46.0,100000.0,2242.0,9.22,133.59,0.07,0.04,0.04,1.6,
0.333,0.333,0.042,40.0,100000.0,2261.0,9.22,133.42,0.07,0.04,0.04,1.6,
0.333,0.333,0.045,39.0,100000.0,2258.0,9.22,133.26,0.07,0.04,0.04,1.6,
0.333,0.333,0.048,37.0,100000.0,2240.0,9.24,133.1,0.07,0.04,0.04,1.6,
0.333,0.333,0.05,38.0,100000.0,2240.0,9.24,132.94,0.07,0.04,0.04,1.6,
0.333,0.333,0.053,41.0,100000.0,2248.0,9.24,132.78,0.07,0.04,0.04,1.6,
0.333,0.333,0.055,42.0,100000.0,2228.0,9.24,132.61,0.07,0.04,0.04,1.6,
0.333,0.333,0.058,31.0,100000.0,2246.0,9.24,132.45,0.07,0.04,0.04,1.6,
0.333,0.333,0.06,52.0,100000.0,2244.0,9.24,132.29,0.07,0.04,0.04,1.6,
0.333,0.333,0.062,40.0,100000.0,2250.0,9.24,132.13,0.07,0.04,0.04,1.6,
0.333,0.333,0.065,47.0,100000.0,2245.0,9.24,131.97,0.07,0.04,0.04,1.6,
0.333,0.333,0.067,38.0,100000.0,2246.0,9.24,131.81,0.07,0.04,0.04,1.6,
0.333,0.333,0.07,33.0,100000.0,2260.0,9.24,131.65,0.07,0.04,0.04,1.6,
0.333,0.333,0.072,66.0,100000.0,2256.0,9.24,131.48,0.07,0.04,0.04,1.6,
0.333,0.333,0.075,36.0,100000.0,2267.0,9.26,131.32,0.07,0.04,0.04,1.6,
0.333,0.333,0.077,34.0,100000.0,2252.0,9.26,131.16,0.07,0.04,0.04,1.6,
0.333,0.333,0.08,41.0,100000.0,2258.0,9.26,131.0,0.07,0.04,0.04,1.6,
0.333,0.333,0.082,52.0,100000.0,2227.0,9.26,130.84,0.07,0.04,0.04,1.6,
0.333,0.333,0.085,39.0,100000.0,2244.0,9.26,130.68,0.07,0.04,0.04,1.6,
0.333,0.333,0.087,54.0,100000.0,2236.0,9.26,130.52,0.07,0.04,0.04,1.6,
0.333,0.333,0.09,48.0,100000.0,2237.0,9.26,130.36,0.07,0.04,0.04,1.6,
0.333,0.333,0.092,35.0,100000.0,2259.0,9.26,130.2,0.07,0.04,0.04,1.6,
0.333,0.333,0.095,51.0,100000.0,2251.0,9.28,130.04,0.07,0.04,0.04,1.6,
0.333,0.333,0.097,40.0,100000.0,2241.0,9.28,129.88,0.07,0.04,0.04,1.6,
0.333,0.333,0.1,38.0,100000.0,2250.0,9.28,129.72,0.07,0.04,0.04,1.6,
0.333,0.333,0.102,40.0,100000.0,2234.0,9.28,129.56,0.07,0.04,0.04,1.6,
0.333,0.333,0.105,40.0,100000.0,2250.0,9.28,129.4,0.07,0.04,0.04,1.6,
0.333,0.333,0.107,43.0,100000.0,2243.0,9.28,129.24,0.07,0.04,0.04,1.6,
0.333,0.333,0.11,56.0,100000.0,2260.0,9.28,129.08,0.07,0.04,0.04,1.6,
0.333,0.333,0.113,38.0,100000.0,2267.0,9.3,128.92,0.07,0.04,0.04,1.6,
0.333,0.333,0.115,46.0,100000.0,2242.0,9.3,128.77,0.07,0.04,0.04,1.6,
0.333,0.333,0.118,34.0,100000.0,2245.0,9.3,128.61,0.07,0.04,0.04,1.6,
0.333,0.333,0.12,35.0,100000.0,2256.0,9.3,128.45,0.07,0.04,0.04,1.6,
0.333,0.333,0.123,34.0,100000.0,2239.0,9.3,128.29,0.07,0.04,0.04,1.6,
0.333,0.333,0.125,43.0,100000.0,2228.0,9.32,128.13,0.07,0.04,0.04,1.6,
0.333,0.333,0.127,54.0,100000.0,2237.0,9.32,127.97,0.07,0.04,0.04,1.6,
0.333,0.333,0.13,48.0,100000.0,2249.0,9.32,127.82,0.07,0.04,0.04,1.6,
0.333,0.333,0.132,50.0,100000.0,2259.0,9.32,127.66,0.07,0.04,0.04,1.6,
0.333,0.333,0.135,40.0,100000.0,2252.0,9.32,127.5,0.07,0.04,0.04,1.6,
0.333,0.333,0.137,37.0,100000.0,2240.0,9.34,127.34,0.07,0.04,0.04,1.6,
0.333,0.333,0.14,40.0,100000.0,2247.0,9.34,127.19,0.07,0.04,0.04,1.6,
0.333,0.333,0.142,51.0,100000.0,2249.0,9.34,127.03,0.07,0.04,0.04,1.6,
0.333,0.333,0.145,54.0,100000.0,2255.0,9.34,126.87,0.07,0.04,0.04,1.6,
0.333,0.333,0.147,42.0,100000.0,2240.0,9.34,126.72,0.07,0.04,0.04,1.6,
0.333,0.333,0.15,42.0,100000.0,2245.0,9.36,126.56,0.07,0.04,0.04,1.6,
0.333,0.333,0.152,47.0,100000.0,2244.0,9.36,126.4,0.07,0.04,0.04,1.6,
0.333,0.333,0.155,47.0,100000.0,2249.0,9.36,126.25,0.07,0.04,0.04,1.6,
0.333,0.333,0.157,52.0,100000.0,2247.0,9.36,126.09,0.07,0.04,0.04,1.6,
0.333,0.333,0.16,60.0,100000.0,2256.0,9.36,125.93,0.07,0.04,0.04,1.6,
0.333,0.333,0.162,61.0,100000.0,2261.0,9.38,125.78,0.07,0.04,0.04,1.6,
0.333,0.333,0.165,55.0,100000.0,2237.0,9.38,125.62,0.07,0.04,0.04,1.6,
0.333,0.333,0.167,54.0,100000.0,2241.0,9.38,125.47,0.07,0.04,0.04,1.6,
0.333,0.333,0.17,50.0,100000.0,2272.0,9.38,125.31,0.07,0.04,0.04,1.6,
0.333,0.333,0.173,58.0,100000.0,2256.0,9.4,125.16,0.07,0.04,0.04,1.6,
0.333,0.333,0.175,76.0,100000.0,2250.0,9.4,125.0,0.07,0.04,0.04,1.6,
0.333,0.333,0.178,126.0,100000.0,2255.0,9.4,124.85,0.07,0.04,0.04,1.6,
0.333,0.333,0.18,172.0,100000.0,2257.0,9.4,124.7,0.07,0.04,0.04,1.6,
0.333,0.333,0.183,203.0,100000.0,2247.0,9.42,124.54,0.07,0.04,0.04,1.6,
0.333,0.333,0.185,161.0,100000.0,2241.0,9.42,124.39,0.07,0.04,0.04,1.6,
0.333,0.333,0.188,128.0,100000.0,2257.0,9.42,124.24,0.07,0.04,0.04,1.6,
0.333,0.333,0.19,82.0,100000.0,2250.0,9.44,124.08,0.07,0.04,0.04,1.6,
0.333,0.333,0.192,40.0,100000.0,2239.0,9.44,123.93,0.07,0.04,0.04,1.6,
0.333,0.333,0.195,39.0,100000.0,2267.0,9.44,123.78,0.07,0.04,0.04,1.6,
0.333,0.333,0.197,63.0,100000.0,2254.0,9.44,123.62,0.07,0.04,0.04,1.6,
0.333,0.333,0.2,48.0,100000.0,2239.0,9.46,123.47,0.07,0.04,0.04,1.6,
0.333,0.333,0.202,52.0,100000.0,2242.0,9.46,123.32,0.07,0.04,0.04,1.6,
0.333,0.333,0.205,56.0,100000.0,2252.0,9.46,123.17,0.07,0.04,0.04,1.6,
0.333,0.333,0.207,34.0,100000.0,2246.0,9.48,123.02,0.07,0.04,0.04,1.6,
0.333,0.333,0.21,53.0,100000.0,2239.0,9.48,122.86,0.07,0.04,0.04,1.6,
0.333,0.333,0.212,40.0,100000.0,2236.0,9.48,122.71,0.07,0.04,0.04,1.6,
0.333,0.333,0.215,56.0,100000.0,2254.0,9.5,122.56,0.07,0.04,0.04,1.6,
0.333,0.333,0.217,52.0,100000.0,2266.0,9.5,122.41,0.07,0.04,0.04,1.6,
0.333,0.333,0.22,51.0,100000.0,2251.0,9.5,122.26,0.07,0.04,0.04,1.6,
0.333,0.333,0.222,56.0,100000.0,2260.0,9.5,122.11,0.07,0.04,0.04,1.6,
0.333,0.333,0.225,49.0,100000.0,2258.0,9.52,121.96,0.07,0.04,0.04,1.6,
0.333,0.333,0.227,39.0,100000.0,2252.0,9.52,121.81,0.07,0.04,0.04,1.6,
0.333,0.333,0.23,33.0,100000.0,2263.0,9.52,121.66,0.07,0.04,0.04,1.6,
0.333,0.333,0.232,44.0,100000.0,2248.0,9.54,121.51,0.07,0.04,0.04,1.6,
0.333,0.333,0.235,35.0,100000.0,2255.0,9.54,121.36,0.07,0.04,0.04,1.6,
0.333,0.333,0.238,46.0,100000.0,2248.0,9.54,121.21,0.07,0.04,0.04,1.6,
0.333,0.333,0.24,46.0,100000.0,2246.0,9.56,121.07,0.07,0.04,0.04,1.6,
0.333,0.333,0.243,43.0,100000.0,2244.0,9.56,120.92,0.07,0.04,0.04,1.6,
0.333,0.333,0.245,38.0,100000.0,2260.0,9.58,120.77,0.07,0.04,0.04,1.6,
0.333,0.333,0.248,62.0,100000.0,2235.0,9.58,120.62,0.07,0.04,0.04,1.6,
0.333,0.333,0.25,42.0,100000.0,2236.0,9.58,120.47,0.07,0.04,0.04,1.6,
0.333,0.333,0.252,47.0,100000.0,2253.0,9.6,120.33,0.07,0.04,0.04,1.6,
0.333,0.333,0.255,44.0,100000.0,2249.0,9.6,120.18,0.07,0.04,0.04,1.6,
0.333,0.333,0.257,42.0,100000.0,2247.0,9.6,120.03,0.07,0.04,0.04,1.6,
0.333,0.333,0.26,41.0,100000.0,2241.0,9.62,119.89,0.07,0.04,0.04,1.6,
0.333,0.333,0.262,37.0,100000.0,2255.0,9.62,119.74,0.07,0.04,0.04,1.6,
0.333,0.333,0.265,43.0,100000.0,2259.0,9.62,119.59,0.07,0.04,0.04,1.6,
0.333,0.333,0.267,46.0,100000.0,2249.0,9.64,119.45,0.07,0.04,0.04,1.6,
0.333,0.333,0.27,37.0,100000.0,2252.0,9.64,119.3,0.07,0.04,0.04,1.6,
0.333,0.333,0.272,45.0,100000.0,2242.0,9.66,119.16,0.07,0.04,0.04,1.6,
0.333,0.333,0.275,38.0,100000.0,2252.0,9.66,119.01,0.07,0.04,0.04,1.6,
0.333,0.333,0.277,44.0,100000.0,2253.0,9.66,118.87,0.07,0.04,0.04,1.6,
0.333,0.333,0.28,38.0,100000.0,2260.0,9.68,118.72,0.07,0.04,0.04,1.6,
0.333,0.333,0.282,42.0,100000.0,2255.0,9.68,118.58,0.07,0.04,0.04,1.6,
0.333,0.333,0.285,42.0,100000.0,2258.0,9.7,118.44,0.07,0.04,0.04,1.6,
0.333,0.333,0.287,36.0,100000.0,2239.0,9.7,118.29,0.07,0.04,0.04,1.6,
0.333,0.333,0.29,55.0,100000.0,2256.0,9.7,118.15,0.07,0.04,0.04,1.6,
0.333,0.333,0.292,42.0,100000.0,2256.0,9.72,118.01,0.07,0.04,0.04,1.6,
0.333,0.333,0.295,53.0,100000.0,2248.0,9.72,117.86,0.07,0.04,0.04,1.6,
0.333,0.333,0.297,49.0,100000.0,2240.0,9.74,117.72,0.07,0.04,0.04,1.6,
0.333,0.333,0.3,43.0,100000.0,2243.0,9.74,117.58,0.07,0.04,0.04,1.6,
0.333,0.333,0.303,49.0,100000.0,2230.0,9.76,117.44,0.07,0.04,0.04,1.6,
0.333,0.333,0.305,52.0,100000.0,2255.0,9.76,117.3,0.07,0.04,0.04,1.6,
0.333,0.333,0.308,52.0,100000.0,2270.0,9.76,117.16,0.07,0.04,0.04,1.6,
0.333,0.333,0.31,46.0,100000.0,2244.0,9.78,117.02,0.07,0.04,0.04,1.6,
0.333,0.333,0.312,42.0,100000.0,2240.0,9.78,116.87,0.07,0.04,0.04,1.6,
0.333,0.333,0.315,30.0,100000.0,2242.0,9.8,116.73,0.07,0.04,0.04,1.6,
0.333,0.333,0.317,36.0,100000.0,2250.0,9.8,116.59,0.07,0.04,0.04,1.6,
0.333,0.333,0.32,34.0,100000.0,2241.0,9.82,116.45,0.07,0.04,0.04,1.6,
0.333,0.333,0.322,43.0,100000.0,2232.0,9.82,116.32,0.07,0.04,0.04,1.6,
0.333,0.333,0.325,47.0,100000.0,2248.0,9.84,116.18,0.07,0.04,0.04,1.6,
0.333,0.333,0.327,36.0,100000.0,2248.0,9.84,116.04,0.07,0.04,0.04,1.6,
0.333,0.333,0.33,44.0,100000.0,2239.0,9.84,115.9,0.07,0.04,0.04,1.6,
0.333,0.333,0.332,48.0,100000.0,2262.0,9.86,115.76,0.07,0.04,0.04,1.6,
0.333,0.333,0.335,42.0,100000.0,2251.0,9.86,115.62,0.07,0.04,0.04,1.6,
0.333,0.333,0.337,43.0,100000.0,2251.0,9.88,115.48,0.07,0.04,0.04,1.6,
0.333,0.333,0.34,48.0,100000.0,2244.0,9.88,115.35,0.07,0.04,0.04,1.6,
0.333,0.333,0.342,52.0,100000.0,2257.0,9.9,115.21,0.07,0.04,0.04,1.6,
0.333,0.333,0.345,38.0,100000.0,2230.0,9.9,115.07,0.07,0.04,0.04,1.6,
0.333,0.333,0.347,38.0,100000.0,2249.0,9.92,114.94,0.07,0.04,0.04,1.6,
0.333,0.333,0.35,46.0,100000.0,2252.0,9.92,114.8,0.07,0.04,0.04,1.6,
0.333,0.333,0.352,41.0,100000.0,2247.0,9.94,114.67,0.07,0.04,0.04,1.6,
0.333,0.333,0.355,39.0,100000.0,2249.0,9.94,114.53,0.07,0.04,0.04,1.6,
0.333,0.333,0.357,44.0,100000.0,2256.0,9.96,114.39,0.07,0.04,0.04,1.6,
0.333,0.333,0.36,43.0,100000.0,2245.0,9.96,114.26,0.07,0.04,0.04,1.6,
0.333,0.333,0.362,41.0,100000.0,2257.0,9.98,114.13,0.07,0.04,0.04,1.6,
0.333,0.333,0.365,34.0,100000.0,2245.0,9.98,113.99,0.07,0.04,0.04,1.6,
0.333,0.333,0.368,47.0,100000.0,2243.0,10.0,113.86,0.07,0.04,0.04,1.6,
0.333,0.333,0.37,44.0,100000.0,2242.0,10.0,113.72,0.07,0.04,0.04,1.6,
0.333,0.333,0.373,48.0,100000.0,2237.0,10.02,113.59,0.07,0.04,0.04,1.6,
0.333,0.333,0.375,52.0,100000.0,2251.0,10.02,113.46,0.07,0.04,0.04,1.6,
0.333,0.333,0.377,43.0,100000.0,2253.0,10.04,113.32,0.07,0.04,0.04,1.6,
0.333,0.333,0.38,53.0,100000.0,2237.0,10.04,113.19,0.07,0.04,0.04,1.6,
0.333,0.333,0.382,46.0,100000.0,2244.0,10.06,113.06,0.07,0.04,0.04,1.6,
0.333,0.333,0.385,43.0,100000.0,2256.0,10.06,112.93,0.07,0.04,0.04,1.6,
0.333,0.333,0.387,48.0,100000.0,2249.0,10.08,112.8,0.07,0.04,0.04,1.6,
0.333,0.333,0.39,47.0,100000.0,2245.0,10.08,112.67,0.07,0.04,0.04,1.6,
0.333,0.333,0.392,45.0,100000.0,2238.0,10.1,112.53,0.07,0.04,0.04,1.6,
0.333,0.333,0.395,39.0,100000.0,2246.0,10.12,112.4,0.07,0.04,0.04,1.6,
0.333,0.333,0.397,39.0,100000.0,2263.0,10.12,112.27,0.07,0.04,0.04,1.6,
0.333,0.333,0.4,37.0,100000.0,2261.0,10.14,112.14,0.07,0.04,0.04,1.6,
0.333,0.333,0.402,45.0,100000.0,2253.0,10.14,112.01,0.07,0.04,0.04,1.6,
0.333,0.333,0.405,31.0,100000.0,2241.0,10.16,111.89,0.07,0.04,0.04,1.6,
0.333,0.333,0.407,37.0,100000.0,2255.0,10.16,111.76,0.07,0.04,0.04,1.6,
0.333,0.333,0.41,44.0,100000.0,2248.0,10.18,111.63,0.07,0.04,0.04,1.6,
0.333,0.333,0.412,29.0,100000.0,2261.0,10.18,111.5,0.07,0.04,0.04,1.6,
0.333,0.333,0.415,40.0,100000.0,2258.0,10.2,111.37,0.07,0.04,0.04,1.6,
0.333,0.333,0.417,35.0,100000.0,2245.0,10.22,111.24,0.07,0.04,0.04,1.6,
0.333,0.333,0.42,24.0,100000.0,2243.0,10.22,111.12,0.07,0.04,0.04,1.6,
0.333,0.333,0.422,39.0,100000.0,2248.0,10.24,110.99,0.07,0.04,0.04,1.6,
0.333,0.333,0.425,38.0,100000.0,2243.0,10.24,110.86,0.07,0.04,0.04,1.6,
0.333,0.333,0.427,36.0,100000.0,2258.0,10.26,110.74,0.07,0.04,0.04,1.6,
0.333,0.333,0.43,42.0,100000.0,2239.0,10.26,110.61,0.07,0.04,0.04,1.6,
0.333,0.333,0.433,50.0,100000.0,2229.0,10.28,110.49,0.07,0.04,0.04,1.6,
0.333,0.333,0.435,41.0,100000.0,2247.0,10.29,110.36,0.07,0.04,0.04,1.6,
0.333,0.333,0.438,39.0,100000.0,2258.0,10.31,110.24,0.07,0.04,0.04,1.6,
0.333,0.333,0.44,38.0,100000.0,2263.0,10.31,110.11,0.07,0.04,0.04,1.6,
0.333,0.333,0.442,39.0,100000.0,2264.0,10.33,109.99,0.07,0.04,0.04,1.6,
0.333,0.333,0.445,35.0,100000.0,2234.0,10.33,109.86,0.07,0.04,0.04,1.6,
0.333,0.333,0.447,40.0,100000.0,2267.0,10.35,109.74,0.07,0.04,0.04,1.6,
0.333,0.333,0.45,30.0,100000.0,2247.0,10.37,109.61,0.07,0.04,0.04,1.6,
0.333,0.333,0.452,29.0,100000.0,2237.0,10.37,109.49,0.07,0.04,0.04,1.6,
0.333,0.333,0.455,37.0,100000.0,2249.0,10.39,109.37,0.07,0.04,0.04,1.6,
0.333,0.333,0.457,45.0,100000.0,2243.0,10.39,109.25,0.07,0.04,0.04,1.6,
0.333,0.333,0.46,44.0,100000.0,2253.0,10.42,109.12,0.07,0.04,0.04,1.6,
0.333,0.333,0.462,41.0,100000.0,2244.0,10.42,109.0,0.07,0.04,0.04,1.6,
0.333,0.333,0.465,40.0,100000.0,2254.0,10.44,108.88,0.07,0.04,0.04,1.6,
0.333,0.333,0.467,46.0,100000.0,2242.0,10.44,108.76,0.07,0.04,0.04,1.6,
0.333,0.333,0.47,42.0,100000.0,2246.0,10.46,108.64,0.07,0.04,0.04,1.6,
0.333,0.333,0.472,33.0,100000.0,2253.0,10.48,108.52,0.07,0.04,0.04,1.6,
0.333,0.333,0.475,36.0,100000.0,2236.0,10.48,108.4,0.07,0.04,0.04,1.6,
0.333,0.333,0.477,38.0,100000.0,2253.0,10.5,108.28,0.07,0.04,0.04,1.6,
0.333,0.333,0.48,35.0,100000.0,2240.0,10.5,108.16,0.07,0.04,0.04,1.6,
0.333,0.333,0.482,39.0,100000.0,2252.0,10.53,108.04,0.07,0.04,0.04,1.6,
0.333,0.333,0.485,39.0,100000.0,2243.0,10.53,107.92,0.07,0.04,0.04,1.6,
0.333,0.333,0.487,40.0,100000.0,2264.0,10.55,107.8,0.07,0.04,0.04,1.6,
0.333,0.333,0.49,34.0,100000.0,2253.0,10.57,107.68,0.07,0.04,0.04,1.6,
0.333,0.333,0.493,36.0,100000.0,2257.0,10.57,107.57,0.07,0.04,0.04,1.6,
0.333,0.333,0.495,36.0,100000.0,2248.0,10.59,107.45,0.07,0.04,0.04,1.6,
0.333,0.333,0.498,37.0,100000.0,2257.0,10.59,107.33,0.07,0.04,0.04,1.6,
0.333,0.333,0.5,30.0,100000.0,2239.0,10.62,107.22,0.07,0.04,0.04,1.6,
