0.333,0.333,-0.5,45.0,100000.0,2248.0,10.62,166.57,0.07,0.04,0.04,0.0,
0.333,0.333,-0.498,40.0,100000.0,2242.0,10.6,166.43,0.07,0.04,0.04,0.0,
0.333,0.333,-0.495,29.0,100000.0,2241.0,10.58,166.3,0.07,0.04,0.04,0.0,
0.333,0.333,-0.493,36.0,100000.0,2257.0,10.58,166.17,0.07,0.06,0.04,0.0,
0.333,0.333,-0.49,36.0,100000.0,2246.0,10.56,166.04,0.07,0.04,0.04,0.0,
0.333,0.333,-0.488,45.0,100000.0,2261.0,10.56,165.91,0.07,0.04,0.04,0.0,
0.333,0.333,-0.485,45.0,100000.0,2241.0,10.53,165.78,0.07,0.04,0.04,0.0,
0.333,0.333,-0.482,30.0,100000.0,2254.0,10.53,165.65,0.07,0.04,0.04,0.0,
0.333,0.333,-0.48,44.0,100000.0,2238.0,10.51,165.52,0.07,0.04,0.04,0.0,
0.333,0.333,-0.477,39.0,100000.0,2248.0,10.49,165.39,0.07,0.03,0.04,0.0,
0.333,0.333,-0.475,41.0,100000.0,2257.0,10.49,165.25,0.07,0.03,0.04,0.0,
0.333,0.333,-0.472,40.0,100000.0,2254.0,10.47,165.12,0.07,0.03,0.04,0.0,
0.333,0.333,-0.47,46.0,100000.0,2257.0,10.47,164.99,0.07,0.03,0.04,0.0,
0.333,0.333,-0.468,47.0,100000.0,2256.0,10.44,164.85,0.07,0.03,0.04,0.0,
0.333,0.333,-0.465,44.0,100000.0,2258.0,10.44,164.72,0.07,0.03,0.04,0.0,
0.333,0.333,-0.463,32.0,100000.0,2257.0,10.42,164.59,0.07,0.03,0.04,0.0,
0.333,0.333,-0.46,41.0,100000.0,2260.0,10.42,164.45,0.07,0.03,0.04,0.0,
0.333,0.333,-0.458,46.0,100000.0,2248.0,10.4,164.32,0.07,0.03,0.04,0.0,
0.333,0.333,-0.455,34.0,100000.0,2241.0,10.38,164.18,0.07,0.03,0.04,0.0,
0.333,0.333,-0.452,40.0,100000.0,2258.0,10.38,164.05,0.07,0.03,0.04,0.0,
0.333,0.333,-0.45,39.0,100000.0,2257.0,10.36,163.91,0.07,0.03,0.04,0.0,
0.333,0.333,-0.447,36.0,100000.0,2251.0,10.36,163.78,0.07,0.03,0.04,0.0,
0.333,0.333,-0.445,45.0,100000.0,2239.0,10.33,163.64,0.07,0.03,0.04,0.0,
0.333,0.333,-0.442,32.0,100000.0,2239.0,10.33,163.51,0.07,0.03,0.04,0.0,
0.333,0.333,-0.44,39.0,100000.0,2243.0,10.31,163.37,0.07,0.03,0.04,0.0,
0.333,0.333,-0.438,36.0,100000.0,2264.0,10.31,163.23,0.07,0.03,0.04,0.0,
0.333,0.333,-0.435,41.0,100000.0,2252.0,10.29,163.1,0.07,0.03,0.04,0.0,
0.333,0.333,-0.433,53.0,100000.0,2253.0,10.29,162.96,0.07,0.03,0.04,0.0,
0.333,0.333,-0.43,47.0,100000.0,2250.0,10.26,162.82,0.07,0.03,0.04,0.0,
0.333,0.333,-0.428,37.0,100000.0,2246.0,10.26,162.69,0.07,0.03,0.04,0.0,
0.333,0.333,-0.425,38.0,100000.0,2245.0,10.24,162.55,0.07,0.03,0.04,0.0,
0.333,0.333,-0.423,34.0,100000.0,2257.0,10.24,162.41,0.07,0.03,0.04,0.0,
0.333,0.333,-0.42,35.0,100000.0,2251.0,10.22,162.27,0.07,0.03,0.04,0.0,
0.333,0.333,-0.418,39.0,100000.0,2247.0,10.22,162.13,0.07,0.03,0.04,0.0,
0.333,0.333,-0.415,36.0,100000.0,2253.0,10.2,161.99,0.07,0.03,0.04,0.0,
0.333,0.333,-0.412,51.0,100000.0,2253.0,10.18,161.85,0.07,0.03,0.04,0.0,
0.333,0.333,-0.41,36.0,100000.0,2264.0,10.18,161.72,0.07,0.03,0.04,0.0,
0.333,0.333,-0.407,41.0,100000.0,2247.0,10.16,161.58,0.07,0.03,0.04,0.0,
0.333,0.333,-0.405,49.0,100000.0,2226.0,10.16,161.44,0.07,0.03,0.04,0.0,
0.333,0.333,-0.403,41.0,100000.0,2255.0,10.14,161.3,0.07,0.03,0.04,0.0,
0.333,0.333,-0.4,36.0,100000.0,2251.0,10.14,161.15,0.07,0.03,0.04,0.0,
0.333,0.333,-0.398,37.0,100000.0,2245.0,10.12,161.01,0.07,0.03,0.04,0.0,
0.333,0.333,-0.395,31.0,100000.0,2254.0,10.12,160.87,0.07,0.03,0.04,0.0,
0.333,0.333,-0.393,37.0,100000.0,2246.0,10.1,160.73,0.07,0.03,0.04,0.0,
0.333,0.333,-0.39,42.0,100000.0,2246.0,10.1,160.59,0.07,0.03,0.04,0.0,
0.333,0.333,-0.387,49.0,100000.0,2255.0,10.08,160.45,0.07,0.03,0.04,0.0,
0.333,0.333,-0.385,62.0,100000.0,2227.0,10.06,160.31,0.07,0.03,0.04,0.0,
0.333,0.333,-0.382,43.0,100000.0,2252.0,10.06,160.16,0.07,0.03,0.04,0.0,
0.333,0.333,-0.38,42.0,100000.0,2251.0,10.04,160.02,0.07,0.03,0.04,0.0,
0.333,0.333,-0.377,30.0,100000.0,2249.0,10.04,159.88,0.07,0.03,0.04,0.0,
0.333,0.333,-0.375,39.0,100000.0,2243.0,10.02,159.74,0.07,0.03,0.04,0.0,
0.333,0.333,-0.373,28.0,100000.0,2245.0,10.02,159.59,0.07,0.03,0.04,0.0,
0.333,0.333,-0.37,49.0,100000.0,2256.0,10.0,159.45,0.07,0.03,0.04,0.0,
0.333,0.333,-0.368,43.0,100000.0,2259.0,10.0,159.31,0.07,0.03,0.04,0.0,
0.333,0.333,-0.365,50.0,100000.0,2265.0,9.98,159.16,0.07,0.03,0.04,0.0,
0.333,0.333,-0.363,37.0,100000.0,2262.0,9.98,159.02,0.07,0.03,0.04,0.0,
0.333,0.333,-0.36,48.0,100000.0,2239.0,9.96,158.87,0.07,0.03,0.04,0.0,
0.333,0.333,-0.358,43.0,100000.0,2253.0,9.96,158.73,0.07,0.03,0.04,0.0,
0.333,0.333,-0.355,36.0,100000.0,2254.0,9.94,158.58,0.07,0.03,0.04,0.0,
0.333,0.333,-0.353,37.0,100000.0,2267.0,9.94,158.44,0.07,0.04,0.04,0.0,
0.333,0.333,-0.35,38.0,100000.0,2255.0,9.92,158.29,0.07,0.04,0.04,0.0,
0.333,0.333,-0.347,49.0,100000.0,2252.0,9.92,158.15,0.07,0.04,0.04,0.0,
0.333,0.333,-0.345,51.0,100000.0,2245.0,9.9,158.0,0.07,0.03,0.04,0.0,
0.333,0.333,-0.343,36.0,100000.0,2243.0,9.9,157.85,0.07,0.03,0.04,0.0,
0.333,0.333,-0.34,49.0,100000.0,2252.0,9.88,157.71,0.07,0.03,0.04,0.0,
0.333,0.333,-0.338,45.0,100000.0,2252.0,9.88,157.56,0.07,0.03,0.04,0.0,
0.333,0.333,-0.335,36.0,100000.0,2253.0,9.86,157.41,0.07,0.03,0.04,0.0,
0.333,0.333,-0.333,45.0,100000.0,2243.0,9.86,157.27,0.07,0.03,0.04,0.0,
0.333,0.333,-0.33,36.0,100000.0,2256.0,9.86,157.12,0.07,0.03,0.04,0.0,
0.333,0.333,-0.327,43.0,100000.0,2245.0,9.84,156.97,0.07,0.03,0.04,0.0,
0.333,0.333,-0.325,47.0,100000.0,2259.0,9.84,156.82,0.07,0.03,0.04,0.0,
0.333,0.333,-0.322,48.0,100000.0,2248.0,9.82,156.67,0.07,0.03,0.04,0.0,
0.333,0.333,-0.32,39.0,100000.0,2255.0,9.82,156.53,0.07,0.03,0.04,0.0,
0.333,0.333,-0.317,33.0,100000.0,2264.0,9.8,156.38,0.07,0.03,0.04,0.0,
0.333,0.333,-0.315,39.0,100000.0,2258.0,9.8,156.23,0.07,0.03,0.04,0.0,
0.333,0.333,-0.312,29.0,100000.0,2248.0,9.78,156.08,0.07,0.03,0.04,0.0,
0.333,0.333,-0.31,43.0,100000.0,2252.0,9.78,155.93,0.07,0.03,0.04,0.0,
0.333,0.333,-0.308,27.0,100000.0,2249.0,9.78,155.78,0.07,0.03,0.04,0.0,
0.333,0.333,-0.305,43.0,100000.0,2256.0,9.76,155.63,0.07,0.03,0.04,0.0,
0.333,0.333,-0.303,39.0,100000.0,2265.0,9.76,155.48,0.07,0.03,0.04,0.0,
0.333,0.333,-0.3,42.0,100000.0,2242.0,9.74,155.33,0.07,0.03,0.04,0.0,
0.333,0.333,-0.298,42.0,100000.0,2245.0,9.74,155.18,0.07,0.03,0.04,0.0,
0.333,0.333,-0.295,46.0,100000.0,2252.0,9.72,155.03,0.07,0.03,0.04,0.0,
0.333,0.333,-0.293,46.0,100000.0,2255.0,9.72,154.88,0.07,0.03,0.04,0.0,
0.333,0.333,-0.29,38.0,100000.0,2243.0,9.72,154.73,0.07,0.03,0.04,0.0,
0.333,0.333,-0.288,35.0,100000.0,2254.0,9.71,154.57,0.07,0.03,0.04,0.0,
0.333,0.333,-0.285,37.0,100000.0,2259.0,9.69,154.42,0.07,0.03,0.04,0.0,
0.333,0.333,-0.282,47.0,100000.0,2257.0,9.69,154.27,0.07,0.03,0.04,0.0,
0.333,0.333,-0.28,43.0,100000.0,2257.0,9.67,154.12,0.07,0.03,0.04,0.0,
0.333,0.333,-0.278,63.0,100000.0,2253.0,9.67,153.97,0.07,0.03,0.04,0.0,
0.333,0.333,-0.275,45.0,100000.0,2257.0,9.67,153.81,0.07,0.03,0.04,0.0,
0.333,0.333,-0.273,34.0,100000.0,2254.0,9.65,153.66,0.07,0.03,0.04,0.0,
0.333,0.333,-0.27,38.0,100000.0,2260.0,9.65,153.51,0.07,0.03,0.04,0.0,
0.333,0.333,-0.267,45.0,100000.0,2252.0,9.63,153.36,0.07,0.03,0.04,0.0,
0.333,0.333,-0.265,42.0,100000.0,2272.0,9.63,153.2,0.07,0.03,0.04,0.0,
0.333,0.333,-0.262,38.0,100000.0,2260.0,9.63,153.05,0.07,0.03,0.04,0.0,
0.333,0.333,-0.26,49.0,100000.0,2265.0,9.61,152.9,0.07,0.03,0.04,0.0,
0.333,0.333,-0.257,54.0,100000.0,2239.0,9.61,152.74,0.07,0.03,0.04,0.0,
0.333,0.333,-0.255,45.0,100000.0,2253.0,9.61,152.59,0.07,0.03,0.04,0.0,
0.333,0.333,-0.252,41.0,100000.0,2250.0,9.59,152.43,0.07,0.03,0.04,0.0,
0.333,0.333,-0.25,33.0,100000.0,2258.0,9.59,152.28,0.07,0.03,0.04,0.0,
0.333,0.333,-0.248,39.0,100000.0,2252.0,9.57,152.12,0.07,0.03,0.04,0.0,
0.333,0.333,-0.245,29.0,100000.0,2247.0,9.57,151.97,0.07,0.03,0.04,0.0,
0.333,0.333,-0.243,37.0,100000.0,2257.0,9.57,151.81,0.07,0.03,0.04,0.0,
0.333,0.333,-0.24,40.0,100000.0,2255.0,9.55,151.66,0.07,0.03,0.04,0.0,
0.333,0.333,-0.238,48.0,100000.0,2242.0,9.55,151.5,0.07,0.03,0.04,0.0,
0.333,0.333,-0.235,34.0,100000.0,2256.0,9.55,151.35,0.07,0.03,0.04,0.0,
0.333,0.333,-0.233,41.0,100000.0,2247.0,9.53,151.19,0.07,0.03,0.04,0.0,
0.333,0.333,-0.23,47.0,100000.0,2265.0,9.53,151.04,0.07,0.03,0.04,0.0,
0.333,0.333,-0.227,53.0,100000.0,2250.0,9.53,150.88,0.07,0.03,0.04,0.0,
0.333,0.333,-0.225,57.0,100000.0,2240.0,9.51,150.72,0.07,0.03,0.04,0.0,
0.333,0.333,-0.222,43.0,100000.0,2267.0,9.51,150.57,0.07,0.03,0.04,0.0,
0.333,0.333,-0.22,42.0,100000.0,2261.0,9.51,150.41,0.07,0.03,0.04,0.0,
0.333,0.333,-0.218,44.0,100000.0,2251.0,9.49,150.25,0.07,0.03,0.04,0.0,
0.333,0.333,-0.215,44.0,100000.0,2248.0,9.49,150.1,0.07,0.03,0.04,0.0,
0.333,0.333,-0.213,46.0,100000.0,2237.0,9.49,149.94,0.07,0.03,0.04,0.0,
0.333,0.333,-0.21,37.0,100000.0,2244.0,9.49,149.78,0.07,0.03,0.04,0.0,
0.333,0.333,-0.208,39.0,100000.0,2251.0,9.47,149.62,0.07,0.03,0.04,0.0,
0.333,0.333,-0.205,29.0,100000.0,2253.0,9.47,149.47,0.07,0.03,0.04,0.0,
0.333,0.333,-0.203,51.0,100000.0,2268.0,9.47,149.31,0.07,0.03,0.04,0.0,
0.333,0.333,-0.2,63.0,100000.0,2251.0,9.45,149.15,0.07,0.03,0.04,0.0,
0.333,0.333,-0.198,72.0,100000.0,2239.0,9.45,148.99,0.07,0.03,0.04,0.0,
0.333,0.333,-0.195,151.0,100000.0,2248.0,9.45,148.83,0.07,0.03,0.04,0.0,
0.333,0.333,-0.192,273.0,100000.0,2253.0,9.43,148.68,0.07,0.03,0.04,0.0,
0.333,0.333,-0.19,324.0,100000.0,2259.0,9.43,148.52,0.07,0.03,0.04,0.0,
0.333,0.333,-0.188,264.0,100000.0,2242.0,9.43,148.36,0.07,0.03,0.04,0.0,
0.333,0.333,-0.185,155.0,100000.0,2252.0,9.43,148.2,0.07,0.03,0.04,0.0,
0.333,0.333,-0.183,97.0,100000.0,2258.0,9.41,148.04,0.07,0.03,0.04,0.0,
0.333,0.333,-0.18,40.0,100000.0,2257.0,9.41,147.88,0.07,0.03,0.04,0.0,
0.333,0.333,-0.178,56.0,100000.0,2267.0,9.41,147.72,0.07,0.03,0.04,0.0,
0.333,0.333,-0.175,48.0,100000.0,2242.0,9.41,147.56,0.07,0.03,0.04,0.0,
0.333,0.333,-0.173,50.0,100000.0,2244.0,9.39,147.4,0.07,0.03,0.04,0.0,
0.333,0.333,-0.17,41.0,100000.0,2259.0,9.39,147.24,0.07,0.03,0.04,0.0,
0.333,0.333,-0.168,37.0,100000.0,2266.0,9.39,147.08,0.07,0.03,0.04,0.0,
0.333,0.333,-0.165,38.0,100000.0,2253.0,9.39,146.92,0.07,0.03,0.04,0.0,
0.333,0.333,-0.162,37.0,100000.0,2254.0,9.37,146.76,0.07,0.03,0.04,0.0,
0.333,0.333,-0.16,41.0,100000.0,2252.0,9.37,146.6,0.07,0.03,0.04,0.0,
0.333,0.333,-0.157,46.0,100000.0,2247.0,9.37,146.44,0.07,0.03,0.04,0.0,
0.333,0.333,-0.155,41.0,100000.0,2240.0,9.37,146.28,0.07,0.03,0.04,0.0,
0.333,0.333,-0.153,44.0,100000.0,2249.0,9.35,146.12,0.07,0.03,0.04,0.0,
0.333,0.333,-0.15,31.0,100000.0,2233.0,9.35,145.96,0.07,0.03,0.04,0.0,
0.333,0.333,-0.148,43.0,100000.0,2239.0,9.35,145.8,0.07,0.03,0.04,0.0,
0.333,0.333,-0.145,59.0,100000.0,2269.0,9.35,145.64,0.07,0.03,0.04,0.0,
0.333,0.333,-0.143,44.0,100000.0,2259.0,9.35,145.48,0.07,0.03,0.04,0.0,
0.333,0.333,-0.14,34.0,100000.0,2262.0,9.33,145.32,0.07,0.03,0.04,0.0,
0.333,0.333,-0.138,47.0,100000.0,2242.0,9.33,145.15,0.07,0.03,0.04,0.0,
0.333,0.333,-0.135,34.0,100000.0,2250.0,9.33,144.99,0.07,0.03,0.04,0.0,
0.333,0.333,-0.133,42.0,100000.0,2244.0,9.33,144.83,0.07,0.03,0.04,0.0,
0.333,0.333,-0.13,47.0,100000.0,2254.0,9.33,144.67,0.07,0.03,0.04,0.0,
0.333,0.333,-0.127,56.0,100000.0,2247.0,9.31,144.51,0.07,0.03,0.04,0.0,
0.333,0.333,-0.125,42.0,100000.0,2243.0,9.31,144.35,0.07,0.03,0.04,0.0,
0.333,0.333,-0.123,44.0,100000.0,2245.0,9.31,144.18,0.07,0.03,0.04,0.0,
0.333,0.333,-0.12,38.0,100000.0,2246.0,9.31,144.02,0.07,0.03,0.04,0.0,
0.333,0.333,-0.118,39.0,100000.0,2256.0,9.31,143.86,0.07,0.03,0.04,0.0,
0.333,0.333,-0.115,34.0,100000.0,2271.0,9.29,143.7,0.07,0.03,0.04,0.0,
0.333,0.333,-0.113,54.0,100000.0,2256.0,9.29,143.54,0.07,0.03,0.04,0.0,
0.333,0.333,-0.11,41.0,100000.0,2230.0,9.29,143.37,0.07,0.03,0.04,0.0,
0.333,0.333,-0.108,55.0,100000.0,2243.0,9.29,143.21,0.07,0.03,0.04,0.0,
0.333,0.333,-0.105,52.0,100000.0,2258.0,9.29,143.05,0.07,0.03,0.04,0.0,
0.333,0.333,-0.103,52.0,100000.0,2249.0,9.29,142.89,0.07,0.03,0.04,0.0,
0.333,0.333,-0.1,41.0,100000.0,2268.0,9.27,142.72,0.07,0.03,0.04,0.0,
0.333,0.333,-0.097,55.0,100000.0,2240.0,9.27,142.56,0.07,0.03,0.04,0.0,
0.333,0.333,-0.095,48.0,100000.0,2255.0,9.27,142.4,0.07,0.03,0.04,0.0,
0.333,0.333,-0.093,52.0,100000.0,2255.0,9.27,142.24,0.07,0.03,0.04,0.0,
0.333,0.333,-0.09,54.0,100000.0,2238.0,9.27,142.07,0.07,0.03,0.04,0.0,
0.333,0.333,-0.088,49.0,100000.0,2258.0,9.27,141.91,0.07,0.03,0.04,0.0,
0.333,0.333,-0.085,46.0,100000.0,2254.0,9.27,141.75,0.07,0.03,0.04,0.0,
0.333,0.333,-0.083,48.0,100000.0,2255.0,9.27,141.58,0.07,0.03,0.04,0.0,
0.333,0.333,-0.08,39.0,100000.0,2256.0,9.25,141.42,0.07,0.03,0.04,0.0,
0.333,0.333,-0.078,47.0,100000.0,2253.0,9.25,141.26,0.07,0.03,0.04,0.0,
0.333,0.333,-0.075,46.0,100000.0,2243.0,9.25,141.09,0.07,0.03,0.04,0.0,
0.333,0.333,-0.073,45.0,100000.0,2245.0,9.25,140.93,0.07,0.03,0.04,0.0,
0.333,0.333,-0.07,37.0,100000.0,2252.0,9.25,140.77,0.07,0.03,0.04,0.0,
0.333,0.333,-0.067,46.0,100000.0,2265.0,9.25,140.6,0.07,0.03,0.04,0.0,
0.333,0.333,-0.065,48.0,100000.0,2236.0,9.25,140.44,0.07,0.03,0.04,0.0,
0.333,0.333,-0.062,26.0,100000.0,2246.0,9.25,140.28,0.07,0.03,0.04,0.0,
0.333,0.333,-0.06,52.0,100000.0,2240.0,9.25,140.11,0.07,0.03,0.04,0.0,
0.333,0.333,-0.058,34.0,100000.0,2250.0,9.23,139.95,0.07,0.03,0.04,0.0,
0.333,0.333,-0.055,45.0,100000.0,2245.0,9.23,139.79,0.07,0.03,0.04,0.0,
0.333,0.333,-0.053,46.0,100000.0,2256.0,9.23,139.62,0.07,0.03,0.04,0.0,
0.333,0.333,-0.05,33.0,100000.0,2236.0,9.23,139.46,0.07,0.03,0.04,0.0,
0.333,0.333,-0.048,39.0,100000.0,2254.0,9.23,139.3,0.07,0.03,0.04,0.0,
0.333,0.333,-0.045,47.0,100000.0,2255.0,9.23,139.13,0.07,0.03,0.04,0.0,
0.333,0.333,-0.043,37.0,100000.0,2256.0,9.23,138.97,0.07,0.03,0.04,0.0,
0.333,0.333,-0.04,43.0,100000.0,2246.0,9.23,138.81,0.07,0.03,0.04,0.0,
0.333,0.333,-0.038,46.0,100000.0,2243.0,9.23,138.64,0.07,0.03,0.04,0.0,
0.333,0.333,-0.035,40.0,100000.0,2258.0,9.23,138.48,0.07,0.03,0.04,0.0,
0.333,0.333,-0.032,46.0,100000.0,2245.0,9.23,138.32,0.07,0.03,0.04,0.0,
0.333,0.333,-0.03,56.0,100000.0,2246.0,9.23,138.15,0.07,0.03,0.04,0.0,
0.333,0.333,-0.028,29.0,100000.0,2259.0,9.23,137.99,0.07,0.03,0.04,0.0,
0.333,0.333,-0.025,49.0,100000.0,2249.0,9.23,137.83,0.07,0.03,0.04,0.0,
0.333,0.333,-0.023,43.0,100000.0,2260.0,9.23,137.66,0.07,0.03,0.04,0.0,
0.333,0.333,-0.02,45.0,100000.0,2254.0,9.23,137.5,0.07,0.03,0.04,0.0,
0.333,0.333,-0.018,36.0,100000.0,2250.0,9.23,137.34,0.07,0.03,0.04,0.0,
0.333,0.333,-0.015,31.0,100000.0,2248.0,9.23,137.17,0.07,0.03,0.04,0.0,
0.333,0.333,-0.013,39.0,100000.0,2250.0,9.23,137.01,0.07,0.03,0.04,0.0,
0.333,0.333,-0.01,37.0,100000.0,2258.0,9.23,136.85,0.07,0.03,0.04,0.0,
0.333,0.333,-0.008,54.0,100000.0,2259.0,9.21,136.68,0.07,0.03,0.04,0.0,
0.333,0.333,-0.005,48.0,100000.0,2253.0,9.21,136.52,0.07,0.03,0.04,0.0,
0.333,0.333,-0.002,49.0,100000.0,2256.0,9.21,136.36,0.07,0.03,0.04,0.0,
0.333,0.333,0.0,50.0,100000.0,2268.0,9.21,136.19,0.07,0.03,0.04,0.0,
0.333,0.333,0.002,34.0,100000.0,2259.0,9.21,136.03,0.07,0.03,0.04,0.0,
0.333,0.333,0.005,54.0,100000.0,2248.0,9.21,135.87,0.07,0.03,0.04,0.0,
0.333,0.333,0.007,45.0,100000.0,2260.0,9.21,135.7,0.07,0.03,0.04,0.0,
0.333,0.333,0.01,49.0,100000.0,2240.0,9.21,135.54,0.07,0.03,0.04,0.0,
0.333,0.333,0.012,45.0,100000.0,2244.0,9.21,135.38,0.07,0.03,0.04,0.0,
0.333,0.333,0.015,52.0,100000.0,2253.0,9.21,135.21,0.07,0.03,0.04,0.0,
0.333,0.333,0.017,38.0,100000.0,2263.0,9.21,135.05,0.07,0.03,0.04,0.0,
0.333,0.333,0.02,26.0,100000.0,2253.0,9.21,134.89,0.07,0.03,0.04,0.0,
0.333,0.333,0.022,41.0,100000.0,2265.0,9.23,134.72,0.07,0.03,0.04,0.0,
0.333,0.333,0.025,37.0,100000.0,2242.0,9.23,134.56,0.07,0.03,0.04,0.0,
0.333,0.333,0.027,46.0,100000.0,2251.0,9.23,134.4,0.07,0.03,0.04,0.0,
0.333,0.333,0.03,31.0,100000.0,2249.0,9.23,134.24,0.07,0.03,0.04,0.0,
0.333,0.333,0.032,34.0,100000.0,2261.0,9.23,134.07,0.07,0.03,0.04,0.0,
0.333,0.333,0.035,31.0,100000.0,2244.0,9.23,133.91,0.07,0.03,0.04,0.0,
0.333,0.333,0.037,48.0,100000.0,2248.0,9.23,133.75,0.07,0.03,0.04,0.0,
0.333,0.333,0.04,36.0,100000.0,2254.0,9.23,133.59,0.07,0.03,0.04,0.0,
0.333,0.333,0.042,34.0,100000.0,2250.0,9.23,133.42,0.07,0.03,0.04,0.0,
0.333,0.333,0.045,44.0,100000.0,2266.0,9.23,133.26,0.07,0.03,0.04,0.0,
0.333,0.333,0.048,32.0,100000.0,2248.0,9.23,133.1,0.07,0.03,0.04,0.0,
0.333,0.333,0.05,38.0,100000.0,2254.0,9.23,132.94,0.07,0.03,0.04,0.0,
0.333,0.333,0.053,41.0,100000.0,2254.0,9.23,132.78,0.07,0.03,0.04,0.0,
0.333,0.333,0.055,51.0,100000.0,2262.0,9.23,132.61,0.07,0.03,0.04,0.0,
0.333,0.333,0.058,53.0,100000.0,2236.0,9.23,132.45,0.07,0.03,0.04,0.0,
0.333,0.333,0.06,42.0,100000.0,2249.0,9.23,132.29,0.07,0.03,0.04,0.0,
0.333,0.333,0.062,36.0,100000.0,2249.0,9.25,132.13,0.07,0.03,0.04,0.0,
0.333,0.333,0.065,44.0,100000.0,2256.0,9.25,131.97,0.07,0.03,0.04,0.0,
0.333,0.333,0.067,49.0,100000.0,2248.0,9.25,131.81,0.07,0.03,0.04,0.0,
0.333,0.333,0.07,40.0,100000.0,2255.0,9.25,131.65,0.07,0.03,0.04,0.0,
0.333,0.333,0.072,42.0,100000.0,2263.0,9.25,131.48,0.07,0.03,0.04,0.0,
0.333,0.333,0.075,54.0,100000.0,2243.0,9.25,131.32,0.07,0.03,0.04,0.0,
0.333,0.333,0.077,50.0,100000.0,2249.0,9.25,131.16,0.07,0.03,0.04,0.0,
0.333,0.333,0.08,44.0,100000.0,2249.0,9.25,131.0,0.07,0.03,0.04,0.0,
0.333,0.333,0.082,54.0,100000.0,2261.0,9.25,130.84,0.07,0.03,0.04,0.0,
0.333,0.333,0.085,48.0,100000.0,2253.0,9.27,130.68,0.07,0.03,0.04,0.0,
0.333,0.333,0.087,44.0,100000.0,2253.0,9.27,130.52,0.07,0.03,0.04,0.0,
0.333,0.333,0.09,36.0,100000.0,2264.0,9.27,130.36,0.07,0.03,0.04,0.0,
0.333,0.333,0.092,44.0,100000.0,2265.0,9.27,130.2,0.07,0.03,0.04,0.0,
0.333,0.333,0.095,40.0,100000.0,2255.0,9.27,130.04,0.07,0.03,0.04,0.0,
0.333,0.333,0.097,41.0,100000.0,2249.0,9.27,129.88,0.07,0.03,0.04,0.0,
0.333,0.333,0.1,38.0,100000.0,2249.0,9.27,129.72,0.07,0.03,0.04,0.0,
0.333,0.333,0.102,38.0,100000.0,2262.0,9.29,129.56,0.07,0.03,0.04,0.0,
0.333,0.333,0.105,42.0,100000.0,2240.0,9.29,129.4,0.07,0.03,0.04,0.0,
0.333,0.333,0.107,55.0,100000.0,2252.0,9.29,129.24,0.07,0.03,0.04,0.0,
0.333,0.333,0.11,42.0,100000.0,2251.0,9.29,129.08,0.07,0.03,0.04,0.0,
0.333,0.333,0.113,44.0,100000.0,2237.0,9.29,128.92,0.07,0.03,0.04,0.0,
0.333,0.333,0.115,41.0,100000.0,2248.0,9.29,128.77,0.07,0.03,0.04,0.0,
0.333,0.333,0.118,36.0,100000.0,2269.0,9.29,128.61,0.07,0.03,0.04,0.0,
0.333,0.333,0.12,42.0,100000.0,2266.0,9.31,128.45,0.07,0.03,0.04,0.0,
0.333,0.333,0.123,44.0,100000.0,2253.0,9.31,128.29,0.07,0.03,0.04,0.0,
0.333,0.333,0.125,44.0,100000.0,2260.0,9.31,128.13,0.07,0.03,0.04,0.0,
0.333,0.333,0.127,47.0,100000.0,2267.0,9.31,127.97,0.07,0.03,0.04,0.0,
0.333,0.333,0.13,38.0,100000.0,2242.0,9.31,127.82,0.07,0.03,0.04,0.0,
0.333,0.333,0.132,52.0,100000.0,2268.0,9.33,127.66,0.07,0.03,0.04,0.0,
0.333,0.333,0.135,38.0,100000.0,2242.0,9.33,127.5,0.07,0.03,0.04,0.0,
0.333,0.333,0.137,39.0,100000.0,2259.0,9.33,127.34,0.07,0.03,0.04,0.0,
0.333,0.333,0.14,50.0,100000.0,2249.0,9.33,127.19,0.07,0.03,0.04,0.0,
0.333,0.333,0.142,40.0,100000.0,2250.0,9.33,127.03,0.07,0.03,0.04,0.0,
0.333,0.333,0.145,41.0,100000.0,2241.0,9.35,126.87,0.07,0.03,0.04,0.0,
0.333,0.333,0.147,36.0,100000.0,2260.0,9.35,126.72,0.07,0.03,0.04,0.0,
0.333,0.333,0.15,41.0,100000.0,2264.0,9.35,126.56,0.07,0.03,0.04,0.0,
0.333,0.333,0.152,55.0,100000.0,2236.0,9.35,126.4,0.07,0.03,0.04,0.0,
0.333,0.333,0.155,64.0,100000.0,2248.0,9.37,126.25,0.07,0.03,0.04,0.0,
0.333,0.333,0.157,56.0,100000.0,2243.0,9.37,126.09,0.07,0.03,0.04,0.0,
0.333,0.333,0.16,42.0,100000.0,2240.0,9.37,125.93,0.07,0.03,0.04,0.0,
0.333,0.333,0.162,43.0,100000.0,2255.0,9.37,125.78,0.07,0.03,0.04,0.0,
0.333,0.333,0.165,57.0,100000.0,2257.0,9.37,125.62,0.07,0.03,0.04,0.0,
0.333,0.333,0.167,49.0,100000.0,2250.0,9.39,125.47,0.07,0.03,0.04,0.0,
0.333,0.333,0.17,50.0,100000.0,2263.0,9.39,125.31,0.07,0.03,0.04,0.0,
0.333,0.333,0.173,48.0,100000.0,2251.0,9.39,125.16,0.07,0.03,0.04,0.0,
0.333,0.333,0.175,88.0,100000.0,2253.0,9.39,125.0,0.07,0.03,0.04,0.0,
0.333,0.333,0.178,153.0,100000.0,2253.0,9.41,124.85,0.07,0.03,0.04,0.0,
0.333,0.333,0.18,260.0,100000.0,2261.0,9.41,124.7,0.07,0.03,0.04,0.0,
0.333,0.333,0.183,243.0,100000.0,2248.0,9.41,124.54,0.07,0.03,0.04,0.0,
0.333,0.333,0.185,224.0,100000.0,2259.0,9.43,124.39,0.07,0.03,0.04,0.0,
0.333,0.333,0.188,160.0,100000.0,2261.0,9.43,124.24,0.07,0.03,0.04,0.0,
0.333,0.333,0.19,110.0,100000.0,2259.0,9.43,124.08,0.07,0.03,0.04,0.0,
0.333,0.333,0.192,55.0,100000.0,2259.0,9.43,123.93,0.07,0.03,0.04,0.0,
0.333,0.333,0.195,54.0,100000.0,2248.0,9.45,123.78,0.07,0.03,0.04,0.0,
0.333,0.333,0.197,49.0,100000.0,2260.0,9.45,123.62,0.07,0.03,0.04,0.0,
0.333,0.333,0.2,60.0,100000.0,2243.0,9.45,123.47,0.07,0.03,0.04,0.0,
0.333,0.333,0.202,38.0,100000.0,2258.0,9.47,123.32,0.07,0.03,0.04,0.0,
0.333,0.333,0.205,42.0,100000.0,2258.0,9.47,123.17,0.07,0.04,0.04,0.0,
0.333,0.333,0.207,45.0,100000.0,2247.0,9.47,123.02,0.07,0.04,0.04,0.0,
0.333,0.333,0.21,48.0,100000.0,2246.0,9.47,122.86,0.07,0.04,0.04,0.0,
0.333,0.333,0.212,47.0,100000.0,2244.0,9.49,122.71,0.07,0.04,0.04,0.0,
0.333,0.333,0.215,45.0,100000.0,2254.0,9.49,122.56,0.07,0.04,0.04,0.0,
0.333,0.333,0.217,42.0,100000.0,2259.0,9.49,122.41,0.07,0.04,0.04,0.0,
0.333,0.333,0.22,41.0,100000.0,2254.0,9.51,122.26,0.07,0.04,0.04,0.0,
0.333,0.333,0.222,45.0,100000.0,2249.0,9.51,122.11,0.07,0.04,0.04,0.0,
0.333,0.333,0.225,42.0,100000.0,2252.0,9.51,121.96,0.07,0.04,0.04,0.0,
0.333,0.333,0.227,41.0,100000.0,2259.0,9.53,121.81,0.07,0.04,0.04,0.0,
0.333,0.333,0.23,40.0,100000.0,2258.0,9.53,121.66,0.07,0.04,0.04,0.0,
0.333,0.333,0.232,48.0,100000.0,2251.0,9.53,121.51,0.07,0.04,0.04,0.0,
0.333,0.333,0.235,42.0,100000.0,2251.0,9.55,121.36,0.07,0.04,0.04,0.0,
0.333,0.333,0.238,42.0,100000.0,2274.0,9.55,121.21,0.07,0.04,0.04,0.0,
0.333,0.333,0.24,45.0,100000.0,2237.0,9.55,121.07,0.07,0.04,0.04,0.0,
0.333,0.333,0.243,43.0,100000.0,2251.0,9.57,120.92,0.07,0.04,0.04,0.0,
0.333,0.333,0.245,43.0,100000.0,2246.0,9.57,120.77,0.07,0.04,0.04,0.0,
0.333,0.333,0.248,35.0,100000.0,2273.0,9.57,120.62,0.07,0.04,0.04,0.0,
0.333,0.333,0.25,36.0,100000.0,2253.0,9.59,120.47,0.07,0.04,0.04,0.0,
0.333,0.333,0.252,32.0,100000.0,2247.0,9.59,120.33,0.07,0.04,0.04,0.0,
0.333,0.333,0.255,32.0,100000.0,2262.0,9.59,120.18,0.07,0.04,0.04,0.0,
0.333,0.333,0.257,48.0,100000.0,2252.0,9.61,120.03,0.07,0.04,0.04,0.0,
0.333,0.333,0.26,61.0,100000.0,2248.0,9.61,119.89,0.07,0.04,0.04,0.0,
0.333,0.333,0.262,42.0,100000.0,2253.0,9.63,119.74,0.07,0.04,0.04,0.0,
0.333,0.333,0.265,36.0,100000.0,2241.0,9.63,119.59,0.07,0.04,0.04,0.0,
0.333,0.333,0.267,42.0,100000.0,2266.0,9.63,119.45,0.07,0.04,0.04,0.0,
0.333,0.333,0.27,43.0,100000.0,2254.0,9.65,119.3,0.07,0.04,0.04,0.0,
0.333,0.333,0.272,40.0,100000.0,2258.0,9.65,119.16,0.07,0.04,0.04,0.0,
0.333,0.333,0.275,39.0,100000.0,2258.0,9.67,119.01,0.07,0.04,0.04,0.0,
0.333,0.333,0.277,38.0,100000.0,2253.0,9.67,118.87,0.07,0.04,0.04,0.0,
0.333,0.333,0.28,46.0,100000.0,2247.0,9.67,118.72,0.07,0.04,0.04,0.0,
0.333,0.333,0.282,31.0,100000.0,2253.0,9.69,118.58,0.07,0.04,0.04,0.0,
0.333,0.333,0.285,51.0,100000.0,2262.0,9.69,118.44,0.07,0.04,0.04,0.0,
0.333,0.333,0.287,42.0,100000.0,2250.0,9.71,118.29,0.07,0.04,0.04,0.0,
0.333,0.333,0.29,42.0,100000.0,2275.0,9.71,118.15,0.07,0.04,0.04,0.0,
0.333,0.333,0.292,45.0,100000.0,2259.0,9.71,118.01,0.07,0.04,0.04,0.0,
0.333,0.333,0.295,39.0,100000.0,2256.0,9.73,117.86,0.07,0.04,0.04,0.0,
0.333,0.333,0.297,34.0,100000.0,2233.0,9.73,117.72,0.07,0.04,0.04,0.0,
0.333,0.333,0.3,33.0,100000.0,2251.0,9.75,117.58,0.07,0.04,0.04,0.0,
0.333,0.333,0.303,31.0,100000.0,2239.0,9.75,117.44,0.07,0.04,0.04,0.0,
0.333,0.333,0.305,32.0,100000.0,2250.0,9.75,117.3,0.07,0.04,0.04,0.0,
0.333,0.333,0.308,29.0,100000.0,2259.0,9.77,117.16,0.07,0.04,0.04,0.0,
0.333,0.333,0.31,47.0,100000.0,2259.0,9.77,117.02,0.07,0.04,0.04,0.0,
0.333,0.333,0.312,39.0,100000.0,2260.0,9.79,116.87,0.07,0.04,0.04,0.0,
0.333,0.333,0.315,39.0,100000.0,2253.0,9.79,116.73,0.07,0.04,0.04,0.0,
0.333,0.333,0.317,34.0,100000.0,2276.0,9.81,116.59,0.07,0.04,0.04,0.0,
0.333,0.333,0.32,38.0,100000.0,2247.0,9.81,116.45,0.07,0.04,0.04,0.0,
0.333,0.333,0.322,35.0,100000.0,2257.0,9.83,116.32,0.07,0.04,0.04,0.0,
0.333,0.333,0.325,37.0,100000.0,2242.0,9.83,116.18,0.07,0.04,0.04,0.0,
0.333,0.333,0.327,36.0,100000.0,2249.0,9.85,116.04,0.07,0.04,0.04,0.0,
0.333,0.333,0.33,38.0,100000.0,2248.0,9.85,115.9,0.07,0.04,0.04,0.0,
0.333,0.333,0.332,41.0,100000.0,2248.0,9.85,115.76,0.07,0.04,0.04,0.0,
0.333,0.333,0.335,36.0,100000.0,2261.0,9.87,115.62,0.07,0.04,0.04,0.0,
0.333,0.333,0.337,51.0,100000.0,2248.0,9.87,115.48,0.07,0.04,0.04,0.0,
0.333,0.333,0.34,38.0,100000.0,2251.0,9.89,115.35,0.07,0.04,0.04,0.0,
0.333,0.333,0.342,41.0,100000.0,2254.0,9.89,115.21,0.07,0.04,0.04,0.0,
0.333,0.333,0.345,41.0,100000.0,2276.0,9.91,115.07,0.07,0.04,0.04,0.0,
0.333,0.333,0.347,35.0,100000.0,2235.0,9.91,114.94,0.07,0.04,0.04,0.0,
0.333,0.333,0.35,44.0,100000.0,2239.0,9.93,114.8,0.07,0.04,0.04,0.0,
0.333,0.333,0.352,40.0,100000.0,2256.0,9.93,114.67,0.07,0.04,0.04,0.0,
0.333,0.333,0.355,48.0,100000.0,2261.0,9.95,114.53,0.07,0.04,0.04,0.0,
0.333,0.333,0.357,42.0,100000.0,2257.0,9.95,114.39,0.07,0.04,0.04,0.0,
0.333,0.333,0.36,31.0,100000.0,2261.0,9.97,114.26,0.07,0.04,0.04,0.0,
0.333,0.333,0.362,38.0,100000.0,2241.0,9.97,114.13,0.07,0.04,0.04,0.0,
0.333,0.333,0.365,34.0,100000.0,2242.0,9.99,113.99,0.07,0.04,0.04,0.0,
0.333,0.333,0.368,46.0,100000.0,2246.0,9.99,113.86,0.07,0.04,0.04,0.0,
0.333,0.333,0.37,35.0,100000.0,2262.0,10.01,113.72,0.07,0.04,0.04,0.0,
0.333,0.333,0.373,41.0,100000.0,2250.0,10.01,113.59,0.07,0.04,0.04,0.0,
0.333,0.333,0.375,44.0,100000.0,2256.0,10.03,113.46,0.07,0.04,0.04,0.0,
0.333,0.333,0.377,47.0,100000.0,2250.0,10.03,113.32,0.07,0.04,0.04,0.0,
0.333,0.333,0.38,41.0,100000.0,2243.0,10.05,113.19,0.07,0.04,0.04,0.0,
0.333,0.333,0.382,42.0,100000.0,2262.0,10.05,113.06,0.07,0.04,0.04,0.0,
0.333,0.333,0.385,43.0,100000.0,2252.0,10.07,112.93,0.07,0.04,0.04,0.0,
0.333,0.333,0.387,34.0,100000.0,2244.0,10.07,112.8,0.07,0.04,0.04,0.0,
0.333,0.333,0.39,46.0,100000.0,2247.0,10.09,112.67,0.07,0.04,0.04,0.0,
0.333,0.333,0.392,34.0,100000.0,2236.0,10.09,112.53,0.07,0.04,0.04,0.0,
0.333,0.333,0.395,43.0,100000.0,2251.0,10.12,112.4,0.07,0.04,0.04,0.0,
0.333,0.333,0.397,35.0,100000.0,2251.0,10.12,112.27,0.07,0.04,0.04,0.0,
0.333,0.333,0.4,44.0,100000.0,2263.0,10.14,112.14,0.07,0.04,0.04,0.0,
0.333,0.333,0.402,32.0,100000.0,2251.0,10.14,112.01,0.07,0.04,0.04,0.0,
0.333,0.333,0.405,49.0,100000.0,2254.0,10.16,111.89,0.07,0.04,0.04,0.0,
0.333,0.333,0.407,41.0,100000.0,2257.0,10.16,111.76,0.07,0.04,0.04,0.0,
0.333,0.333,0.41,34.0,100000.0,2250.0,10.18,111.63,0.07,0.04,0.04,0.0,
0.333,0.333,0.412,52.0,100000.0,2258.0,10.18,111.5,0.07,0.04,0.04,0.0,
0.333,0.333,0.415,42.0,100000.0,2247.0,10.2,111.37,0.07,0.04,0.04,0.0,
0.333,0.333,0.417,37.0,100000.0,2244.0,10.22,111.24,0.07,0.04,0.04,0.0,
0.333,0.333,0.42,40.0,100000.0,2246.0,10.22,111.12,0.07,0.04,0.04,0.0,
0.333,0.333,0.422,31.0,100000.0,2245.0,10.24,110.99,0.07,0.04,0.04,0.0,
0.333,0.333,0.425,42.0,100000.0,2244.0,10.24,110.86,0.07,0.04,0.04,0.0,
0.333,0.333,0.427,45.0,100000.0,2254.0,10.26,110.74,0.07,0.04,0.04,0.0,
0.333,0.333,0.43,50.0,100000.0,2253.0,10.26,110.61,0.07,0.04,0.04,0.0,
0.333,0.333,0.433,44.0,100000.0,2263.0,10.28,110.49,0.07,0.04,0.04,0.0,
0.333,0.333,0.435,41.0,100000.0,2262.0,10.3,110.36,0.07,0.04,0.04,0.0,
0.333,0.333,0.438,34.0,100000.0,2256.0,10.31,110.24,0.07,0.04,0.04,0.0,
0.333,0.333,0.44,28.0,100000.0,2249.0,10.31,110.11,0.07,0.04,0.04,0.0,
0.333,0.333,0.442,31.0,100000.0,2237.0,10.33,109.99,0.07,0.04,0.04,0.0,
0.333,0.333,0.445,34.0,100000.0,2255.0,10.33,109.86,0.07,0.04,0.04,0.0,
0.333,0.333,0.447,32.0,100000.0,2254.0,10.35,109.74,0.07,0.04,0.04,0.0,
0.333,0.333,0.45,32.0,100000.0,2267.0,10.37,109.61,0.07,0.04,0.04,0.0,
0.333,0.333,0.452,56.0,100000.0,2274.0,10.37,109.49,0.07,0.04,0.04,0.0,
0.333,0.333,0.455,41.0,100000.0,2252.0,10.39,109.37,0.07,0.04,0.04,0.0,
0.333,0.333,0.457,39.0,100000.0,2261.0,10.39,109.25,0.07,0.04,0.04,0.0,
0.333,0.333,0.46,33.0,100000.0,2243.0,10.42,109.12,0.07,0.04,0.04,0.0,
0.333,0.333,0.462,28.0,100000.0,2237.0,10.42,109.0,0.07,0.04,0.04,0.0,
0.333,0.333,0.465,44.0,100000.0,2246.0,10.44,108.88,0.07,0.04,0.04,0.0,
0.333,0.333,0.467,40.0,100000.0,2242.0,10.44,108.76,0.07,0.04,0.04,0.0,
0.333,0.333,0.47,25.0,100000.0,2250.0,10.46,108.64,0.07,0.04,0.04,0.0,
0.333,0.333,0.472,40.0,100000.0,2262.0,10.48,108.52,0.07,0.04,0.04,0.0,
0.333,0.333,0.475,49.0,100000.0,2250.0,10.48,108.4,0.07,0.04,0.04,0.0,
0.333,0.333,0.477,32.0,100000.0,2256.0,10.5,108.28,0.07,0.04,0.04,0.0,
0.333,0.333,0.48,37.0,100000.0,2253.0,10.5,108.16,0.07,0.04,0.04,0.0,
0.333,0.333,0.482,37.0,100000.0,2259.0,10.53,108.04,0.07,0.04,0.04,0.0,
0.333,0.333,0.485,50.0,100000.0,2250.0,10.53,107.92,0.07,0.04,0.04,0.0,
0.333,0.333,0.487,36.0,100000.0,2261.0,10.55,107.8,0.07,0.04,0.04,0.0,
0.333,0.333,0.49,39.0,100000.0,2242.0,10.57,107.68,0.07,0.04,0.04,0.0,
0.333,0.333,0.493,31.0,100000.0,2255.0,10.57,107.57,0.07,0.04,0.04,0.0,
0.333,0.333,0.495,38.0,100000.0,2237.0,10.59,107.45,0.07,0.04,0.04,0.0,
0.333,0.333,0.498,35.0,100000.0,2244.0,10.59,107.33,0.07,0.04,0.04,0.0,
0.333,0.333,0.5,41.0,100000.0,2259.0,10.62,107.22,0.07,0.04,0.04,0.0,
