0.3331    0.4436    0.0873
0.5001    0.5167    0.0469
0.6661    0.4419    0.075
0.2501    0.5191    0.0666
0.3501    0.4639    0.0876
0.4001    0.4984    0.1352
0.45    0.5167    0.0385
0.5501    0.5081    0.0524
0.6001    0.5058    0.0451
0.2001    0.6515    0.0641
0.3001    0.4475    0.076
0.3101    0.4509    0.0698
0.3201    0.4448    0.0732
0.3401    0.46    0.0836
0.3601    0.4625    0.1
0.3801    0.4845    0.1165
0.22    0.599    0.0464
0.2601    0.5093    0.0516
0.2801    0.4958    0.0498
0.4201    0.5016    0.0455
0.4401    0.5051    0.0423
0.46    0.5163    0.038
0.4801    0.5181    0.0347
