0.333,0.333,0.5,21.0,100000.0,2126.0,10.52,71.37,0.11,0.6,0.6,2.0,
0.333,0.333,0.502,26.0,100000.0,2143.0,10.54,71.51,0.11,0.57,0.6,2.0,
0.333,0.333,0.505,16.0,100000.0,2133.0,10.54,71.64,0.11,0.57,0.6,2.0,
0.333,0.333,0.507,23.0,100000.0,2141.0,10.57,71.76,0.11,0.59,0.6,2.0,
0.333,0.333,0.51,17.0,100000.0,2132.0,10.57,71.89,0.11,0.59,0.6,2.0,
0.333,0.333,0.512,22.0,100000.0,2159.0,10.59,72.03,0.11,0.59,0.6,2.0,
0.333,0.333,0.515,19.0,100000.0,2143.0,10.61,72.15,0.11,0.59,0.6,2.0,
0.333,0.333,0.517,22.0,100000.0,2140.0,10.61,72.28,0.11,0.59,0.6,2.0,
0.333,0.333,0.52,22.0,100000.0,2134.0,10.63,72.41,0.11,0.59,0.6,2.0,
0.333,0.333,0.522,18.0,100000.0,2154.0,10.65,72.53,0.11,0.59,0.6,2.0,
0.333,0.333,0.525,26.0,100000.0,2139.0,10.65,72.66,0.11,0.59,0.6,2.0,
0.333,0.333,0.527,31.0,100000.0,2140.0,10.67,72.79,0.11,0.59,0.6,2.0,
0.333,0.333,0.53,18.0,100000.0,2121.0,10.69,72.92,0.11,0.6,0.6,2.0,
0.333,0.333,0.533,25.0,100000.0,2132.0,10.69,73.04,0.11,0.6,0.6,2.0,
0.333,0.333,0.535,29.0,100000.0,2138.0,10.71,73.16,0.11,0.6,0.6,2.0,
0.333,0.333,0.538,20.0,100000.0,2131.0,10.73,73.29,0.11,0.6,0.6,2.0,
0.333,0.333,0.54,24.0,100000.0,2131.0,10.73,73.41,0.11,0.6,0.6,2.0,
0.333,0.333,0.543,16.0,100000.0,2127.0,10.75,73.55,0.11,0.6,0.6,2.0,
0.333,0.333,0.545,23.0,100000.0,2138.0,10.77,73.67,0.11,0.6,0.6,2.0,
0.333,0.333,0.548,24.0,100000.0,2137.0,10.77,73.79,0.11,0.6,0.6,2.0,
0.333,0.333,0.55,27.0,100000.0,2127.0,10.8,73.91,0.11,0.6,0.6,2.0,
0.333,0.333,0.553,18.0,100000.0,2140.0,10.8,74.03,0.11,0.6,0.6,2.0,
0.333,0.333,0.555,27.0,100000.0,2134.0,10.82,74.17,0.11,0.6,0.6,2.0,
0.333,0.333,0.558,29.0,100000.0,2147.0,10.84,74.29,0.09,0.6,0.6,2.0,
0.333,0.333,0.56,22.0,100000.0,2145.0,10.84,74.41,0.09,0.61,0.6,2.0,
0.333,0.333,0.562,17.0,100000.0,2139.0,10.87,74.53,0.09,0.61,0.6,2.0,
0.333,0.333,0.565,28.0,100000.0,2134.0,10.87,74.65,0.09,0.61,0.6,2.0,
0.333,0.333,0.567,22.0,100000.0,2140.0,10.89,74.77,0.09,0.61,0.6,2.0,
0.333,0.333,0.57,25.0,100000.0,2147.0,10.91,74.89,0.09,0.6,0.6,2.0,
0.333,0.333,0.572,20.0,100000.0,2132.0,10.91,75.02,0.09,0.6,0.6,2.0,
0.333,0.333,0.575,18.0,100000.0,2130.0,10.94,75.15,0.09,0.61,0.6,2.0,
0.333,0.333,0.577,30.0,100000.0,2132.0,10.94,75.27,0.09,0.61,0.6,2.0,
0.333,0.333,0.58,31.0,100000.0,2129.0,10.96,75.39,0.09,0.61,0.6,2.0,
0.333,0.333,0.582,24.0,100000.0,2145.0,10.98,75.51,0.09,0.61,0.6,2.0,
0.333,0.333,0.585,23.0,100000.0,2137.0,10.98,75.63,0.09,0.61,0.6,2.0,
0.333,0.333,0.587,23.0,100000.0,2142.0,11.01,75.75,0.09,0.61,0.6,2.0,
0.333,0.333,0.59,13.0,100000.0,2132.0,11.01,75.87,0.09,0.61,0.6,2.0,
0.333,0.333,0.592,27.0,100000.0,2159.0,11.04,75.99,0.09,0.61,0.6,2.0,
0.333,0.333,0.595,19.0,100000.0,2136.0,11.04,76.11,0.09,0.61,0.6,2.0,
0.333,0.333,0.597,24.0,100000.0,2130.0,11.07,76.23,0.09,0.61,0.6,2.0,
0.333,0.333,0.6,16.0,100000.0,2145.0,11.07,76.35,0.09,0.6,0.6,2.0,
0.333,0.333,0.603,19.0,100000.0,2144.0,11.1,76.46,0.09,0.6,0.6,2.0,
0.333,0.333,0.605,24.0,100000.0,2129.0,11.1,76.58,0.09,0.61,0.6,2.0,
0.333,0.333,0.608,31.0,100000.0,2151.0,11.13,76.7,0.09,0.61,0.6,2.0,
0.333,0.333,0.61,26.0,100000.0,2139.0,11.13,76.82,0.09,0.61,0.6,2.0,
0.333,0.333,0.613,32.0,100000.0,2145.0,11.16,76.93,0.09,0.61,0.6,2.0,
0.333,0.333,0.615,25.0,100000.0,2139.0,11.16,77.05,0.09,0.61,0.6,2.0,
0.333,0.333,0.618,20.0,100000.0,2134.0,11.19,77.17,0.09,0.61,0.6,2.0,
0.333,0.333,0.62,24.0,100000.0,2134.0,11.19,77.28,0.09,0.61,0.6,2.0,
0.333,0.333,0.623,20.0,100000.0,2115.0,11.22,77.4,0.09,0.61,0.6,2.0,
0.333,0.333,0.625,24.0,100000.0,2130.0,11.22,77.52,0.09,0.6,0.6,2.0,
0.333,0.333,0.627,23.0,100000.0,2141.0,11.25,77.63,0.09,0.61,0.6,2.0,
0.333,0.333,0.63,21.0,100000.0,2141.0,11.25,77.75,0.09,0.61,0.6,2.0,
0.333,0.333,0.632,25.0,100000.0,2141.0,11.28,77.87,0.09,0.61,0.6,2.0,
0.333,0.333,0.635,28.0,100000.0,2136.0,11.28,77.98,0.09,0.61,0.6,2.0,
0.333,0.333,0.637,22.0,100000.0,2135.0,11.31,78.09,0.09,0.61,0.6,2.0,
0.333,0.333,0.64,25.0,100000.0,2159.0,11.31,78.21,0.09,0.61,0.6,2.0,
0.333,0.333,0.642,24.0,100000.0,2144.0,11.34,78.32,0.09,0.61,0.6,2.0,
0.333,0.333,0.645,26.0,100000.0,2133.0,11.34,78.44,0.09,0.61,0.6,2.0,
0.333,0.333,0.647,24.0,100000.0,2135.0,11.37,78.54,0.09,0.61,0.6,2.0,
0.333,0.333,0.65,32.0,100000.0,2129.0,11.37,78.65,0.09,0.61,0.6,2.0,
0.333,0.333,0.653,29.0,100000.0,2138.0,11.4,78.78,0.09,0.61,0.6,2.0,
0.333,0.333,0.655,24.0,100000.0,2136.0,11.42,78.89,0.09,0.61,0.6,2.0,
0.333,0.333,0.658,33.0,100000.0,2129.0,11.42,79.0,0.09,0.61,0.6,2.0,
0.333,0.333,0.66,21.0,100000.0,2146.0,11.45,79.1,0.09,0.61,0.6,2.0,
0.333,0.333,0.663,17.0,100000.0,2137.0,11.45,79.22,0.09,0.61,0.6,2.0,
0.333,0.333,0.665,18.0,100000.0,2139.0,11.48,79.34,0.09,0.61,0.6,2.0,
0.333,0.333,0.668,35.0,100000.0,2153.0,11.48,79.45,0.09,0.61,0.6,2.0,
0.333,0.333,0.67,24.0,100000.0,2130.0,11.51,79.55,0.09,0.61,0.6,2.0,
0.333,0.333,0.673,19.0,100000.0,2131.0,11.53,79.67,0.09,0.61,0.6,2.0,
0.333,0.333,0.675,22.0,100000.0,2124.0,11.53,79.78,0.09,0.61,0.6,2.0,
0.333,0.333,0.678,15.0,100000.0,2143.0,11.56,79.89,0.09,0.61,0.6,2.0,
0.333,0.333,0.68,17.0,100000.0,2132.0,11.56,79.99,0.09,0.61,0.6,2.0,
0.333,0.333,0.683,17.0,100000.0,2138.0,11.59,80.1,0.09,0.61,0.6,2.0,
0.333,0.333,0.685,18.0,100000.0,2150.0,11.61,80.21,0.09,0.61,0.6,2.0,
0.333,0.333,0.688,22.0,100000.0,2137.0,11.61,80.32,0.09,0.61,0.6,2.0,
0.333,0.333,0.69,23.0,100000.0,2146.0,11.64,80.44,0.09,0.61,0.6,2.0,
0.333,0.333,0.692,29.0,100000.0,2121.0,11.64,80.55,0.09,0.61,0.6,2.0,
0.333,0.333,0.695,21.0,100000.0,2139.0,11.67,80.65,0.09,0.61,0.6,2.0,
0.333,0.333,0.697,17.0,100000.0,2147.0,11.69,80.77,0.09,0.61,0.6,2.0,
0.333,0.333,0.7,14.0,100000.0,2154.0,11.69,80.87,0.09,0.61,0.6,2.0,
0.333,0.333,0.702,20.0,100000.0,2136.0,11.72,80.98,0.09,0.61,0.6,2.0,
0.333,0.333,0.705,21.0,100000.0,2134.0,11.74,81.09,0.09,0.61,0.6,2.0,
0.333,0.333,0.707,20.0,100000.0,2130.0,11.74,81.19,0.09,0.61,0.6,2.0,
0.333,0.333,0.71,22.0,100000.0,2147.0,11.77,81.29,0.09,0.61,0.6,2.0,
0.333,0.333,0.712,27.0,100000.0,2149.0,11.79,81.41,0.09,0.6,0.6,2.0,
0.333,0.333,0.715,23.0,100000.0,2128.0,11.79,81.51,0.09,0.6,0.6,2.0,
0.333,0.333,0.717,31.0,100000.0,2136.0,11.82,81.62,0.09,0.6,0.6,2.0,
0.333,0.333,0.72,18.0,100000.0,2137.0,11.82,81.73,0.09,0.6,0.6,2.0,
0.333,0.333,0.722,25.0,100000.0,2143.0,11.85,81.83,0.09,0.6,0.6,2.0,
0.333,0.333,0.725,22.0,100000.0,2147.0,11.87,81.94,0.09,0.6,0.6,2.0,
0.333,0.333,0.727,23.0,100000.0,2135.0,11.87,82.04,0.09,0.6,0.6,2.0,
0.333,0.333,0.73,30.0,100000.0,2129.0,11.9,82.14,0.09,0.6,0.6,2.0,
0.333,0.333,0.733,23.0,100000.0,2132.0,11.92,82.25,0.09,0.6,0.6,2.0,
0.333,0.333,0.735,28.0,100000.0,2129.0,11.92,82.36,0.09,0.6,0.6,2.0,
0.333,0.333,0.738,18.0,100000.0,2148.0,11.95,82.46,0.09,0.6,0.6,2.0,
0.333,0.333,0.74,26.0,100000.0,2134.0,11.97,82.57,0.09,0.6,0.6,2.0,
0.333,0.333,0.743,26.0,100000.0,2138.0,11.99,82.67,0.09,0.6,0.6,2.0,
0.333,0.333,0.745,23.0,100000.0,2137.0,11.99,82.77,0.09,0.6,0.6,2.0,
0.333,0.333,0.748,25.0,100000.0,2141.0,12.02,82.88,0.09,0.61,0.6,2.0,
0.333,0.333,0.75,24.0,100000.0,2132.0,12.04,82.98,0.09,0.61,0.6,2.0,
0.333,0.333,0.752,19.0,100000.0,2160.0,12.04,83.08,0.09,0.6,0.6,2.0,
0.333,0.333,0.755,35.0,100000.0,2137.0,12.07,83.18,0.09,0.61,0.6,2.0,
0.333,0.333,0.757,23.0,100000.0,2142.0,12.09,83.29,0.09,0.61,0.6,2.0,
0.333,0.333,0.76,18.0,100000.0,2136.0,12.09,83.39,0.09,0.6,0.6,2.0,
0.333,0.333,0.762,24.0,100000.0,2141.0,12.12,83.49,0.09,0.6,0.6,2.0,
0.333,0.333,0.765,24.0,100000.0,2148.0,12.14,83.59,0.09,0.6,0.6,2.0,
0.333,0.333,0.767,21.0,100000.0,2112.0,12.16,83.69,0.09,0.6,0.6,2.0,
0.333,0.333,0.77,15.0,100000.0,2154.0,12.16,83.79,0.09,0.6,0.6,2.0,
0.333,0.333,0.773,19.0,100000.0,2137.0,12.19,83.89,0.09,0.6,0.6,2.0,
0.333,0.333,0.775,17.0,100000.0,2139.0,12.21,83.99,0.09,0.61,0.6,2.0,
0.333,0.333,0.778,23.0,100000.0,2127.0,12.21,84.09,0.09,0.61,0.6,2.0,
0.333,0.333,0.78,26.0,100000.0,2134.0,12.24,84.19,0.09,0.61,0.6,2.0,
0.333,0.333,0.783,14.0,100000.0,2129.0,12.26,84.29,0.09,0.61,0.6,2.0,
0.333,0.333,0.785,19.0,100000.0,2135.0,12.28,84.39,0.07,0.6,0.6,2.0,
0.333,0.333,0.788,27.0,100000.0,2137.0,12.28,84.49,0.07,0.6,0.6,2.0,
0.333,0.333,0.79,23.0,100000.0,2141.0,12.31,84.59,0.07,0.6,0.6,2.0,
0.333,0.333,0.793,23.0,100000.0,2145.0,12.33,84.69,0.07,0.6,0.6,2.0,
0.333,0.333,0.795,22.0,100000.0,2143.0,12.35,84.79,0.07,0.6,0.6,2.0,
0.333,0.333,0.798,33.0,100000.0,2125.0,12.35,84.89,0.07,0.6,0.6,2.0,
0.333,0.333,0.8,19.0,100000.0,2148.0,12.38,84.98,0.07,0.6,0.6,2.0,
0.333,0.333,0.803,23.0,100000.0,2138.0,12.4,85.08,0.07,0.6,0.6,2.0,
0.333,0.333,0.805,22.0,100000.0,2140.0,12.42,85.18,0.07,0.6,0.6,2.0,
0.333,0.333,0.808,25.0,100000.0,2159.0,12.44,85.28,0.07,0.6,0.6,2.0,
0.333,0.333,0.81,29.0,100000.0,2142.0,12.44,85.38,0.07,0.6,0.6,2.0,
0.333,0.333,0.812,21.0,100000.0,2155.0,12.47,85.47,0.07,0.6,0.6,2.0,
0.333,0.333,0.815,22.0,100000.0,2161.0,12.49,85.57,0.07,0.6,0.6,2.0,
0.333,0.333,0.817,26.0,100000.0,2133.0,12.51,85.67,0.07,0.6,0.6,2.0,
0.333,0.333,0.82,23.0,100000.0,2127.0,12.51,85.76,0.07,0.6,0.6,2.0,
0.333,0.333,0.822,23.0,100000.0,2130.0,12.54,85.86,0.07,0.6,0.6,2.0,
0.333,0.333,0.825,31.0,100000.0,2140.0,12.56,85.95,0.07,0.6,0.6,2.0,
0.333,0.333,0.827,38.0,100000.0,2127.0,12.58,86.05,0.07,0.6,0.6,2.0,
0.333,0.333,0.83,18.0,100000.0,2141.0,12.6,86.15,0.07,0.6,0.6,2.0,
0.333,0.333,0.832,24.0,100000.0,2129.0,12.6,86.23,0.07,0.6,0.6,2.0,
0.333,0.333,0.835,17.0,100000.0,2137.0,12.63,86.33,0.07,0.6,0.6,2.0,
0.333,0.333,0.837,24.0,100000.0,2135.0,12.65,86.43,0.07,0.6,0.6,2.0,
0.333,0.333,0.84,23.0,100000.0,2140.0,12.67,86.52,0.07,0.6,0.6,2.0,
0.333,0.333,0.842,27.0,100000.0,2129.0,12.69,86.62,0.07,0.6,0.6,2.0,
0.333,0.333,0.845,19.0,100000.0,2140.0,12.69,86.71,0.07,0.6,0.6,2.0,
0.333,0.333,0.847,23.0,100000.0,2140.0,12.72,86.8,0.07,0.6,0.6,2.0,
0.333,0.333,0.85,24.0,100000.0,2137.0,12.74,86.9,0.07,0.6,0.6,2.0,
0.333,0.333,0.852,20.0,100000.0,2131.0,12.76,86.99,0.07,0.6,0.6,2.0,
0.333,0.333,0.855,21.0,100000.0,2129.0,12.78,87.08,0.07,0.6,0.6,2.0,
0.333,0.333,0.857,24.0,100000.0,2140.0,12.8,87.18,0.07,0.6,0.6,2.0,
0.333,0.333,0.86,20.0,100000.0,2142.0,12.8,87.27,0.07,0.6,0.6,2.0,
0.333,0.333,0.862,28.0,100000.0,2125.0,12.83,87.36,0.07,0.6,0.6,2.0,
0.333,0.333,0.865,23.0,100000.0,2140.0,12.85,87.45,0.07,0.6,0.6,2.0,
0.333,0.333,0.867,25.0,100000.0,2141.0,12.87,87.55,0.07,0.6,0.6,2.0,
0.333,0.333,0.87,24.0,100000.0,2124.0,12.89,87.64,0.07,0.6,0.6,2.0,
0.333,0.333,0.873,24.0,100000.0,2145.0,12.91,87.73,0.07,0.6,0.6,2.0,
0.333,0.333,0.875,28.0,100000.0,2133.0,12.91,87.82,0.07,0.6,0.6,2.0,
0.333,0.333,0.877,30.0,100000.0,2126.0,12.94,87.91,0.07,0.6,0.6,2.0,
0.333,0.333,0.88,23.0,100000.0,2131.0,12.96,88.0,0.07,0.6,0.6,2.0,
0.333,0.333,0.882,19.0,100000.0,2147.0,12.98,88.09,0.07,0.6,0.6,2.0,
0.333,0.333,0.885,20.0,100000.0,2136.0,13.0,88.18,0.07,0.6,0.6,2.0,
0.333,0.333,0.887,17.0,100000.0,2135.0,13.02,88.26,0.07,0.6,0.6,2.0,
0.333,0.333,0.89,27.0,100000.0,2136.0,13.04,88.35,0.07,0.6,0.6,2.0,
0.333,0.333,0.892,30.0,100000.0,2137.0,13.04,88.45,0.07,0.6,0.6,2.0,
0.333,0.333,0.895,22.0,100000.0,2139.0,13.07,88.54,0.07,0.6,0.6,2.0,
0.333,0.333,0.897,21.0,100000.0,2136.0,13.09,88.63,0.07,0.6,0.6,2.0,
0.333,0.333,0.9,36.0,100000.0,2141.0,13.11,88.72,0.07,0.6,0.6,2.0,
0.333,0.333,0.903,26.0,100000.0,2136.0,13.13,88.81,0.07,0.6,0.6,2.0,
0.333,0.333,0.905,25.0,100000.0,2138.0,13.15,88.9,0.07,0.6,0.6,2.0,
0.333,0.333,0.908,19.0,100000.0,2146.0,13.17,88.99,0.07,0.6,0.6,2.0,
0.333,0.333,0.91,19.0,100000.0,2139.0,13.19,89.07,0.07,0.6,0.6,2.0,
0.333,0.333,0.913,21.0,100000.0,2147.0,13.19,89.16,0.07,0.6,0.6,2.0,
0.333,0.333,0.915,29.0,100000.0,2152.0,13.22,89.25,0.07,0.6,0.6,2.0,
0.333,0.333,0.918,30.0,100000.0,2122.0,13.24,89.34,0.07,0.6,0.6,2.0,
0.333,0.333,0.92,30.0,100000.0,2136.0,13.26,89.42,0.07,0.6,0.6,2.0,
0.333,0.333,0.923,21.0,100000.0,2161.0,13.28,89.5,0.07,0.6,0.6,2.0,
0.333,0.333,0.925,40.0,100000.0,2124.0,13.3,89.59,0.07,0.6,0.6,2.0,
0.333,0.333,0.928,31.0,100000.0,2136.0,13.32,89.68,0.07,0.6,0.6,2.0,
0.333,0.333,0.93,27.0,100000.0,2132.0,13.34,89.77,0.07,0.6,0.6,2.0,
0.333,0.333,0.933,22.0,100000.0,2135.0,13.36,89.86,0.07,0.6,0.6,2.0,
0.333,0.333,0.935,27.0,100000.0,2144.0,13.36,89.94,0.07,0.6,0.6,2.0,
0.333,0.333,0.938,39.0,100000.0,2141.0,13.39,90.03,0.07,0.6,0.6,2.0,
0.333,0.333,0.94,25.0,100000.0,2151.0,13.41,90.12,0.07,0.6,0.6,2.0,
0.333,0.333,0.942,32.0,100000.0,2132.0,13.43,90.2,0.07,0.6,0.6,2.0,
0.333,0.333,0.945,33.0,100000.0,2126.0,13.45,90.29,0.07,0.6,0.6,2.0,
0.333,0.333,0.947,28.0,100000.0,2129.0,13.47,90.37,0.07,0.6,0.6,2.0,
0.333,0.333,0.95,23.0,100000.0,2132.0,13.49,90.46,0.07,0.61,0.6,2.0,
0.333,0.333,0.952,37.0,100000.0,2153.0,13.51,90.54,0.07,0.61,0.6,2.0,
0.333,0.333,0.955,29.0,100000.0,2126.0,13.53,90.63,0.07,0.61,0.6,2.0,
0.333,0.333,0.957,21.0,100000.0,2118.0,13.55,90.71,0.07,0.61,0.6,2.0,
0.333,0.333,0.96,28.0,100000.0,2127.0,13.57,90.79,0.07,0.6,0.6,2.0,
0.333,0.333,0.962,29.0,100000.0,2138.0,13.59,90.88,0.07,0.6,0.6,2.0,
0.333,0.333,0.965,39.0,100000.0,2143.0,13.61,90.96,0.07,0.6,0.6,2.0,
0.333,0.333,0.967,31.0,100000.0,2149.0,13.61,91.04,0.07,0.6,0.6,2.0,
0.333,0.333,0.97,34.0,100000.0,2135.0,13.64,91.13,0.07,0.6,0.6,2.0,
0.333,0.333,0.972,28.0,100000.0,2138.0,13.66,91.21,0.07,0.6,0.6,2.0,
0.333,0.333,0.975,41.0,100000.0,2134.0,13.68,91.29,0.07,0.6,0.6,2.0,
0.333,0.333,0.977,46.0,100000.0,2133.0,13.7,91.37,0.07,0.6,0.6,2.0,
0.333,0.333,0.98,70.0,100000.0,2136.0,13.72,91.46,0.07,0.6,0.6,2.0,
0.333,0.333,0.982,80.0,100000.0,2128.0,13.74,91.54,0.07,0.6,0.6,2.0,
0.333,0.333,0.985,99.0,100000.0,2140.0,13.76,91.62,0.07,0.6,0.6,2.0,
0.333,0.333,0.987,160.0,100000.0,2134.0,13.78,91.71,0.07,0.6,0.6,2.0,
0.333,0.333,0.99,210.0,100000.0,2137.0,13.8,91.79,0.07,0.6,0.6,2.0,
0.333,0.333,0.992,273.0,100000.0,2136.0,13.82,91.87,0.07,0.6,0.6,2.0,
0.333,0.333,0.995,325.0,100000.0,2140.0,13.84,91.94,0.07,0.6,0.6,2.0,
0.333,0.333,0.998,300.0,100000.0,2144.0,13.86,92.02,0.07,0.6,0.6,2.0,
0.333,0.333,1.0,275.0,100000.0,2143.0,13.88,92.11,0.07,0.6,0.6,2.0,
0.333,0.333,1.003,245.0,100000.0,2131.0,13.9,92.19,0.07,0.6,0.6,2.0,
0.333,0.333,1.005,183.0,100000.0,2134.0,13.92,92.27,0.07,0.6,0.6,2.0,
0.333,0.333,1.007,171.0,100000.0,2146.0,13.94,92.34,0.07,0.6,0.6,2.0,
0.333,0.333,1.01,116.0,100000.0,2149.0,13.96,92.43,0.07,0.6,0.6,2.0,
0.333,0.333,1.013,65.0,100000.0,2121.0,13.98,92.51,0.07,0.6,0.6,2.0,
0.333,0.333,1.015,58.0,100000.0,2136.0,14.0,92.59,0.05,0.6,0.6,2.0,
0.333,0.333,1.017,58.0,100000.0,2132.0,14.02,92.67,0.05,0.6,0.6,2.0,
0.333,0.333,1.02,38.0,100000.0,2125.0,14.04,92.75,0.05,0.6,0.6,2.0,
0.333,0.333,1.023,26.0,100000.0,2145.0,14.06,92.83,0.05,0.6,0.6,2.0,
0.333,0.333,1.025,34.0,100000.0,2141.0,14.08,92.91,0.05,0.6,0.6,2.0,
0.333,0.333,1.027,35.0,100000.0,2127.0,14.1,92.98,0.05,0.6,0.6,2.0,
0.333,0.333,1.03,35.0,100000.0,2140.0,14.12,93.07,0.05,0.6,0.6,2.0,
0.333,0.333,1.033,33.0,100000.0,2125.0,14.14,93.15,0.05,0.6,0.6,2.0,
0.333,0.333,1.035,32.0,100000.0,2134.0,14.16,93.22,0.05,0.6,0.6,2.0,
0.333,0.333,1.037,29.0,100000.0,2142.0,14.18,93.3,0.05,0.6,0.6,2.0,
0.333,0.333,1.04,27.0,100000.0,2142.0,14.2,93.37,0.05,0.6,0.6,2.0,
0.333,0.333,1.043,35.0,100000.0,2146.0,14.22,93.46,0.05,0.6,0.6,2.0,
0.333,0.333,1.045,22.0,100000.0,2133.0,14.24,93.54,0.05,0.6,0.6,2.0,
0.333,0.333,1.048,28.0,100000.0,2126.0,14.26,93.61,0.05,0.6,0.6,2.0,
0.333,0.333,1.05,28.0,100000.0,2137.0,14.28,93.69,0.05,0.6,0.6,2.0,
0.333,0.333,1.053,32.0,100000.0,2127.0,14.3,93.77,0.05,0.6,0.6,2.0,
0.333,0.333,1.055,17.0,100000.0,2140.0,14.32,93.85,0.05,0.6,0.6,2.0,
0.333,0.333,1.058,25.0,100000.0,2123.0,14.34,93.92,0.05,0.6,0.6,2.0,
0.333,0.333,1.06,29.0,100000.0,2147.0,14.36,94.0,0.05,0.6,0.6,2.0,
0.333,0.333,1.062,20.0,100000.0,2146.0,14.38,94.07,0.05,0.6,0.6,2.0,
0.333,0.333,1.065,33.0,100000.0,2142.0,14.4,94.15,0.05,0.6,0.6,2.0,
0.333,0.333,1.067,24.0,100000.0,2146.0,14.42,94.22,0.05,0.6,0.6,2.0,
0.333,0.333,1.07,25.0,100000.0,2135.0,14.44,94.29,0.05,0.6,0.6,2.0,
0.333,0.333,1.072,24.0,100000.0,2135.0,14.46,94.37,0.05,0.6,0.6,2.0,
0.333,0.333,1.075,20.0,100000.0,2136.0,14.48,94.45,0.05,0.6,0.6,2.0,
0.333,0.333,1.077,19.0,100000.0,2148.0,14.5,94.53,0.05,0.6,0.6,2.0,
0.333,0.333,1.08,22.0,100000.0,2125.0,14.52,94.6,0.05,0.6,0.6,2.0,
0.333,0.333,1.082,24.0,100000.0,2123.0,14.54,94.68,0.05,0.6,0.6,2.0,
0.333,0.333,1.085,25.0,100000.0,2129.0,14.56,94.75,0.05,0.6,0.6,2.0,
0.333,0.333,1.087,22.0,100000.0,2135.0,14.58,94.83,0.05,0.6,0.6,2.0,
0.333,0.333,1.09,28.0,100000.0,2130.0,14.6,94.9,0.05,0.6,0.6,2.0,
0.333,0.333,1.092,25.0,100000.0,2142.0,14.62,94.98,0.05,0.6,0.6,2.0,
0.333,0.333,1.095,30.0,100000.0,2149.0,14.64,95.05,0.05,0.6,0.6,2.0,
0.333,0.333,1.097,24.0,100000.0,2129.0,14.66,95.13,0.05,0.6,0.6,2.0,
0.333,0.333,1.1,22.0,100000.0,2133.0,14.68,95.2,0.05,0.6,0.6,2.0,
0.333,0.333,1.102,24.0,100000.0,2138.0,14.7,95.27,0.05,0.6,0.6,2.0,
0.333,0.333,1.105,33.0,100000.0,2122.0,14.72,95.35,0.05,0.6,0.6,2.0,
0.333,0.333,1.107,21.0,100000.0,2136.0,14.74,95.42,0.05,0.6,0.6,2.0,
0.333,0.333,1.11,18.0,100000.0,2123.0,14.77,95.49,0.05,0.6,0.6,2.0,
0.333,0.333,1.112,16.0,100000.0,2127.0,14.79,95.57,0.05,0.6,0.6,2.0,
0.333,0.333,1.115,30.0,100000.0,2137.0,14.81,95.64,0.05,0.6,0.6,2.0,
0.333,0.333,1.118,23.0,100000.0,2130.0,14.83,95.71,0.05,0.6,0.6,2.0,
0.333,0.333,1.12,30.0,100000.0,2151.0,14.85,95.78,0.05,0.6,0.6,2.0,
0.333,0.333,1.122,34.0,100000.0,2150.0,14.87,95.86,0.05,0.6,0.6,2.0,
0.333,0.333,1.125,26.0,100000.0,2139.0,14.89,95.93,0.05,0.6,0.6,2.0,
0.333,0.333,1.128,17.0,100000.0,2144.0,14.91,96.0,0.05,0.6,0.6,2.0,
0.333,0.333,1.13,28.0,100000.0,2128.0,14.93,96.06,0.05,0.6,0.6,2.0,
0.333,0.333,1.132,16.0,100000.0,2129.0,14.95,96.15,0.05,0.6,0.6,2.0,
0.333,0.333,1.135,34.0,100000.0,2148.0,14.97,96.21,0.05,0.6,0.6,2.0,
0.333,0.333,1.138,32.0,100000.0,2143.0,14.99,96.29,0.05,0.6,0.6,2.0,
0.333,0.333,1.14,23.0,100000.0,2148.0,15.01,96.36,0.05,0.6,0.6,2.0,
0.333,0.333,1.142,23.0,100000.0,2144.0,15.03,96.43,0.05,0.6,0.6,2.0,
0.333,0.333,1.145,28.0,100000.0,2137.0,15.05,96.5,0.05,0.6,0.6,2.0,
0.333,0.333,1.148,17.0,100000.0,2137.0,15.08,96.57,0.05,0.6,0.6,2.0,
0.333,0.333,1.15,21.0,100000.0,2125.0,15.1,96.64,0.05,0.6,0.6,2.0,
0.333,0.333,1.152,20.0,100000.0,2139.0,15.12,96.71,0.05,0.6,0.6,2.0,
0.333,0.333,1.155,27.0,100000.0,2137.0,15.14,96.78,0.05,0.6,0.6,2.0,
0.333,0.333,1.158,29.0,100000.0,2126.0,15.16,96.85,0.05,0.6,0.6,2.0,
0.333,0.333,1.16,25.0,100000.0,2145.0,15.18,96.92,0.05,0.6,0.6,2.0,
0.333,0.333,1.162,24.0,100000.0,2145.0,15.2,96.99,0.05,0.6,0.6,2.0,
0.333,0.333,1.165,26.0,100000.0,2132.0,15.22,97.06,0.05,0.6,0.6,2.0,
0.333,0.333,1.168,24.0,100000.0,2145.0,15.24,97.13,0.05,0.6,0.6,2.0,
0.333,0.333,1.17,20.0,100000.0,2137.0,15.26,97.2,0.05,0.6,0.6,2.0,
0.333,0.333,1.173,21.0,100000.0,2129.0,15.28,97.27,0.05,0.6,0.6,2.0,
0.333,0.333,1.175,29.0,100000.0,2143.0,15.31,97.34,0.05,0.6,0.6,2.0,
0.333,0.333,1.178,33.0,100000.0,2147.0,15.33,97.41,0.05,0.6,0.6,2.0,
0.333,0.333,1.18,22.0,100000.0,2136.0,15.35,97.48,0.05,0.6,0.6,2.0,
0.333,0.333,1.183,23.0,100000.0,2144.0,15.37,97.54,0.05,0.6,0.6,2.0,
0.333,0.333,1.185,27.0,100000.0,2145.0,15.39,97.61,0.05,0.6,0.6,2.0,
0.333,0.333,1.188,21.0,100000.0,2149.0,15.41,97.68,0.05,0.6,0.6,2.0,
0.333,0.333,1.19,21.0,100000.0,2139.0,15.43,97.75,0.05,0.6,0.6,2.0,
0.333,0.333,1.192,15.0,100000.0,2142.0,15.45,97.82,0.05,0.6,0.6,2.0,
0.333,0.333,1.195,31.0,100000.0,2142.0,15.47,97.89,0.05,0.6,0.6,2.0,
0.333,0.333,1.197,20.0,100000.0,2152.0,15.5,97.95,0.05,0.6,0.6,2.0,
0.333,0.333,1.2,30.0,100000.0,2134.0,15.52,98.02,0.05,0.6,0.6,2.0,
0.333,0.333,1.202,34.0,100000.0,2132.0,15.54,98.09,0.05,0.6,0.6,2.0,
0.333,0.333,1.205,29.0,100000.0,2142.0,15.55,98.16,0.05,0.6,0.6,2.0,
0.333,0.333,1.207,22.0,100000.0,2127.0,15.58,98.22,0.05,0.6,0.6,2.0,
0.333,0.333,1.21,23.0,100000.0,2136.0,15.6,98.29,0.05,0.6,0.6,2.0,
0.333,0.333,1.212,27.0,100000.0,2135.0,15.62,98.36,0.05,0.6,0.6,2.0,
0.333,0.333,1.215,20.0,100000.0,2140.0,15.64,98.42,0.05,0.6,0.6,2.0,
0.333,0.333,1.217,36.0,100000.0,2139.0,15.67,98.49,0.05,0.6,0.6,2.0,
0.333,0.333,1.22,23.0,100000.0,2140.0,15.69,98.56,0.05,0.6,0.6,2.0,
0.333,0.333,1.222,29.0,100000.0,2129.0,15.71,98.62,0.05,0.6,0.6,2.0,
0.333,0.333,1.225,24.0,100000.0,2140.0,15.73,98.69,0.05,0.6,0.6,2.0,
0.333,0.333,1.227,29.0,100000.0,2147.0,15.75,98.75,0.05,0.6,0.6,2.0,
0.333,0.333,1.23,27.0,100000.0,2135.0,15.77,98.82,0.05,0.6,0.6,2.0,
0.333,0.333,1.232,19.0,100000.0,2127.0,15.79,98.89,0.05,0.6,0.6,2.0,
0.333,0.333,1.235,28.0,100000.0,2120.0,15.81,98.95,0.05,0.6,0.6,2.0,
0.333,0.333,1.237,30.0,100000.0,2141.0,15.84,99.02,0.05,0.6,0.6,2.0,
0.333,0.333,1.24,28.0,100000.0,2142.0,15.86,99.08,0.05,0.6,0.6,2.0,
0.333,0.333,1.243,21.0,100000.0,2140.0,15.88,99.15,0.03,0.6,0.6,2.0,
0.333,0.333,1.245,28.0,100000.0,2124.0,15.9,99.21,0.03,0.6,0.6,2.0,
0.333,0.333,1.247,27.0,100000.0,2139.0,15.92,99.28,0.03,0.6,0.6,2.0,
0.333,0.333,1.25,23.0,100000.0,2135.0,15.94,99.34,0.03,0.6,0.6,2.0,
0.333,0.333,1.253,19.0,100000.0,2136.0,15.97,99.41,0.03,0.6,0.6,2.0,
0.333,0.333,1.255,28.0,100000.0,2140.0,15.99,99.47,0.03,0.6,0.6,2.0,
0.333,0.333,1.257,19.0,100000.0,2143.0,16.01,99.53,0.03,0.6,0.6,2.0,
0.333,0.333,1.26,30.0,100000.0,2133.0,16.02,99.6,0.03,0.6,0.6,2.0,
0.333,0.333,1.263,20.0,100000.0,2126.0,16.05,99.66,0.03,0.6,0.6,2.0,
0.333,0.333,1.265,26.0,100000.0,2135.0,16.06,99.72,0.03,0.6,0.6,2.0,
0.333,0.333,1.267,23.0,100000.0,2143.0,16.09,99.78,0.03,0.6,0.6,2.0,
0.333,0.333,1.27,26.0,100000.0,2144.0,16.12,99.85,0.03,0.6,0.6,2.0,
0.333,0.333,1.273,26.0,100000.0,2145.0,16.14,99.92,0.03,0.6,0.6,2.0,
0.333,0.333,1.275,30.0,100000.0,2134.0,16.16,99.98,0.03,0.6,0.6,2.0,
0.333,0.333,1.277,26.0,100000.0,2131.0,16.18,100.04,0.03,0.6,0.6,2.0,
0.333,0.333,1.28,31.0,100000.0,2141.0,16.2,100.11,0.03,0.6,0.6,2.0,
0.333,0.333,1.283,23.0,100000.0,2138.0,16.22,100.17,0.03,0.6,0.6,2.0,
0.333,0.333,1.285,28.0,100000.0,2148.0,16.25,100.23,0.03,0.6,0.6,2.0,
0.333,0.333,1.287,27.0,100000.0,2128.0,16.27,100.3,0.03,0.6,0.6,2.0,
0.333,0.333,1.29,29.0,100000.0,2132.0,16.29,100.36,0.03,0.6,0.6,2.0,
0.333,0.333,1.293,14.0,100000.0,2136.0,16.31,100.42,0.03,0.6,0.6,2.0,
0.333,0.333,1.295,28.0,100000.0,2131.0,16.33,100.48,0.03,0.6,0.6,2.0,
0.333,0.333,1.297,27.0,100000.0,2146.0,16.35,100.55,0.03,0.6,0.6,2.0,
0.333,0.333,1.3,25.0,100000.0,2118.0,16.38,100.61,0.03,0.6,0.6,2.0,
0.333,0.333,1.303,34.0,100000.0,2142.0,16.4,100.67,0.03,0.6,0.6,2.0,
0.333,0.333,1.305,22.0,100000.0,2138.0,16.42,100.73,0.03,0.6,0.6,2.0,
0.333,0.333,1.308,24.0,100000.0,2138.0,16.44,100.79,0.03,0.6,0.6,2.0,
0.333,0.333,1.31,21.0,100000.0,2144.0,16.46,100.85,0.03,0.6,0.6,2.0,
0.333,0.333,1.312,28.0,100000.0,2137.0,16.49,100.92,0.03,0.6,0.6,2.0,
0.333,0.333,1.315,36.0,100000.0,2132.0,16.51,100.98,0.03,0.6,0.6,2.0,
0.333,0.333,1.317,19.0,100000.0,2140.0,16.53,101.04,0.03,0.6,0.6,2.0,
0.333,0.333,1.32,25.0,100000.0,2129.0,16.55,101.1,0.03,0.6,0.6,2.0,
0.333,0.333,1.322,33.0,100000.0,2121.0,16.57,101.16,0.03,0.6,0.6,2.0,
0.333,0.333,1.325,20.0,100000.0,2129.0,16.59,101.22,0.03,0.6,0.6,2.0,
0.333,0.333,1.327,25.0,100000.0,2132.0,16.62,101.28,0.03,0.6,0.6,2.0,
0.333,0.333,1.33,23.0,100000.0,2142.0,16.64,101.34,0.03,0.6,0.6,2.0,
0.333,0.333,1.332,40.0,100000.0,2135.0,16.66,101.4,0.03,0.6,0.6,2.0,
0.333,0.333,1.335,25.0,100000.0,2148.0,16.68,101.46,0.03,0.6,0.6,2.0,
0.333,0.333,1.337,24.0,100000.0,2148.0,16.7,101.52,0.03,0.6,0.6,2.0,
0.333,0.333,1.34,27.0,100000.0,2146.0,16.73,101.58,0.03,0.6,0.6,2.0,
0.333,0.333,1.342,26.0,100000.0,2127.0,16.75,101.64,0.03,0.6,0.6,2.0,
0.333,0.333,1.345,18.0,100000.0,2130.0,16.77,101.7,0.03,0.6,0.6,2.0,
0.333,0.333,1.347,26.0,100000.0,2141.0,16.79,101.76,0.03,0.6,0.6,2.0,
0.333,0.333,1.35,30.0,100000.0,2140.0,16.81,101.82,0.03,0.6,0.6,2.0,
0.333,0.333,1.352,19.0,100000.0,2127.0,16.84,101.88,0.03,0.6,0.6,2.0,
0.333,0.333,1.355,29.0,100000.0,2134.0,16.86,101.94,0.03,0.6,0.6,2.0,
0.333,0.333,1.357,32.0,100000.0,2131.0,16.88,102.0,0.03,0.6,0.6,2.0,
0.333,0.333,1.36,24.0,100000.0,2134.0,16.9,102.06,0.03,0.6,0.6,2.0,
0.333,0.333,1.362,29.0,100000.0,2140.0,16.92,102.12,0.03,0.61,0.6,2.0,
0.333,0.333,1.365,30.0,100000.0,2141.0,16.95,102.18,0.03,0.61,0.6,2.0,
0.333,0.333,1.368,25.0,100000.0,2139.0,16.97,102.24,0.03,0.61,0.6,2.0,
0.333,0.333,1.37,34.0,100000.0,2140.0,16.99,102.29,0.03,0.61,0.6,2.0,
0.333,0.333,1.372,19.0,100000.0,2144.0,17.01,102.35,0.03,0.61,0.6,2.0,
0.333,0.333,1.375,32.0,100000.0,2139.0,17.04,102.41,0.03,0.61,0.6,2.0,
0.333,0.333,1.378,27.0,100000.0,2141.0,17.06,102.47,0.03,0.6,0.6,2.0,
0.333,0.333,1.38,17.0,100000.0,2138.0,17.08,102.53,0.03,0.6,0.6,2.0,
0.333,0.333,1.382,27.0,100000.0,2126.0,17.1,102.59,0.03,0.61,0.6,2.0,
0.333,0.333,1.385,30.0,100000.0,2145.0,17.12,102.64,0.03,0.61,0.6,2.0,
0.333,0.333,1.388,23.0,100000.0,2147.0,17.15,102.7,0.03,0.61,0.6,2.0,
0.333,0.333,1.39,18.0,100000.0,2137.0,17.17,102.76,0.03,0.61,0.6,2.0,
0.333,0.333,1.392,25.0,100000.0,2153.0,17.19,102.82,0.03,0.61,0.6,2.0,
0.333,0.333,1.395,28.0,100000.0,2146.0,17.21,102.87,0.03,0.61,0.6,2.0,
0.333,0.333,1.398,24.0,100000.0,2150.0,17.24,102.93,0.03,0.6,0.6,2.0,
0.333,0.333,1.4,22.0,100000.0,2118.0,17.26,102.99,0.03,0.6,0.6,2.0,
0.333,0.333,1.402,29.0,100000.0,2137.0,17.28,103.05,0.03,0.6,0.6,2.0,
0.333,0.333,1.405,25.0,100000.0,2136.0,17.3,103.1,0.03,0.6,0.6,2.0,
0.333,0.333,1.408,23.0,100000.0,2131.0,17.32,103.16,0.03,0.6,0.6,2.0,
0.333,0.333,1.41,26.0,100000.0,2130.0,17.35,103.22,0.03,0.6,0.6,2.0,
0.333,0.333,1.412,24.0,100000.0,2128.0,17.37,103.27,0.03,0.6,0.6,2.0,
0.333,0.333,1.415,24.0,100000.0,2119.0,17.39,103.33,0.03,0.6,0.6,2.0,
0.333,0.333,1.418,26.0,100000.0,2130.0,17.41,103.39,0.03,0.6,0.6,2.0,
0.333,0.333,1.42,24.0,100000.0,2138.0,17.44,103.44,0.03,0.6,0.6,2.0,
0.333,0.333,1.422,33.0,100000.0,2132.0,17.46,103.5,0.03,0.6,0.6,2.0,
0.333,0.333,1.425,33.0,100000.0,2125.0,17.48,103.55,0.03,0.6,0.6,2.0,
0.333,0.333,1.428,23.0,100000.0,2137.0,17.5,103.61,0.03,0.6,0.6,2.0,
0.333,0.333,1.43,26.0,100000.0,2135.0,17.53,103.67,0.03,0.6,0.6,2.0,
0.333,0.333,1.433,31.0,100000.0,2132.0,17.55,103.72,0.03,0.6,0.6,2.0,
0.333,0.333,1.435,25.0,100000.0,2143.0,17.57,103.78,0.03,0.6,0.6,2.0,
0.333,0.333,1.438,33.0,100000.0,2144.0,17.59,103.83,0.03,0.6,0.6,2.0,
0.333,0.333,1.44,17.0,100000.0,2132.0,17.62,103.89,0.03,0.6,0.6,2.0,
0.333,0.333,1.442,26.0,100000.0,2136.0,17.64,103.94,0.03,0.6,0.6,2.0,
0.333,0.333,1.445,22.0,100000.0,2136.0,17.66,104.0,0.03,0.6,0.6,2.0,
0.333,0.333,1.447,24.0,100000.0,2156.0,17.68,104.05,0.03,0.6,0.6,2.0,
0.333,0.333,1.45,26.0,100000.0,2137.0,17.71,104.11,0.03,0.6,0.6,2.0,
0.333,0.333,1.452,33.0,100000.0,2141.0,17.73,104.16,0.03,0.6,0.6,2.0,
0.333,0.333,1.455,16.0,100000.0,2136.0,17.75,104.22,0.03,0.6,0.6,2.0,
0.333,0.333,1.457,22.0,100000.0,2134.0,17.77,104.27,0.03,0.6,0.6,2.0,
0.333,0.333,1.46,28.0,100000.0,2140.0,17.8,104.33,0.03,0.6,0.6,2.0,
0.333,0.333,1.462,29.0,100000.0,2126.0,17.82,104.38,0.03,0.6,0.6,2.0,
0.333,0.333,1.465,22.0,100000.0,2139.0,17.84,104.44,0.03,0.6,0.6,2.0,
0.333,0.333,1.467,24.0,100000.0,2139.0,17.86,104.49,0.03,0.6,0.6,2.0,
0.333,0.333,1.47,25.0,100000.0,2140.0,17.89,104.55,0.03,0.6,0.6,2.0,
0.333,0.333,1.472,32.0,100000.0,2139.0,17.91,104.6,0.01,0.6,0.6,2.0,
0.333,0.333,1.475,22.0,100000.0,2143.0,17.93,104.65,0.01,0.6,0.6,2.0,
0.333,0.333,1.477,25.0,100000.0,2143.0,17.95,104.71,0.01,0.6,0.6,2.0,
0.333,0.333,1.48,18.0,100000.0,2145.0,17.98,104.76,0.01,0.61,0.6,2.0,
0.333,0.333,1.482,28.0,100000.0,2141.0,18.0,104.82,0.01,0.61,0.6,2.0,
0.333,0.333,1.485,30.0,100000.0,2137.0,18.02,104.87,0.01,0.61,0.6,2.0,
0.333,0.333,1.487,25.0,100000.0,2148.0,18.04,104.92,0.01,0.61,0.6,2.0,
0.333,0.333,1.49,33.0,100000.0,2137.0,18.07,104.98,0.01,0.6,0.6,2.0,
0.333,0.333,1.493,32.0,100000.0,2140.0,18.09,105.03,0.01,0.6,0.6,2.0,
0.333,0.333,1.495,20.0,100000.0,2129.0,18.11,105.08,0.01,0.6,0.6,2.0,
0.333,0.333,1.497,28.0,100000.0,2140.0,18.14,105.14,0.01,0.6,0.6,2.0,
0.333,0.333,1.5,27.0,100000.0,2132.0,18.16,105.19,0.01,0.6,0.6,2.0,
