   0.333   0.333  -0.500        36    100000      2262    10.62   166.57     0.07     0.04     0.04     4.00
   0.333   0.333  -0.498        38    100000      2237    10.60   166.43     0.07     0.05     0.04     4.00
   0.333   0.333  -0.495        42    100000      2249    10.58   166.30     0.07     0.05     0.04     4.00
   0.333   0.333  -0.493        44    100000      2247    10.58   166.17     0.07     0.04     0.04     4.00
   0.333   0.333  -0.490        33    100000      2267    10.56   166.04     0.07     0.04     0.04     4.00
   0.333   0.333  -0.488        35    100000      2251    10.56   165.91     0.07     0.04     0.04     4.00
   0.333   0.333  -0.485        30    100000      2244    10.53   165.78     0.07     0.04     0.04     4.00
   0.333   0.333  -0.482        33    100000      2253    10.53   165.65     0.07     0.04     0.04     4.00
   0.333   0.333  -0.480        48    100000      2248    10.51   165.52     0.07     0.04     0.04     4.00
   0.333   0.333  -0.477        36    100000      2248    10.49   165.39     0.07     0.04     0.04     4.00
   0.333   0.333  -0.475        51    100000      2237    10.49   165.25     0.07     0.04     0.04     4.00
   0.333   0.333  -0.472        39    100000      2235    10.47   165.12     0.07     0.04     0.04     4.00
   0.333   0.333  -0.470        35    100000      2250    10.47   164.99     0.07     0.04     0.04     4.00
   0.333   0.333  -0.468        41    100000      2233    10.44   164.85     0.07     0.04     0.04     4.00
   0.333   0.333  -0.465        42    100000      2261    10.44   164.72     0.07     0.04     0.04     4.00
   0.333   0.333  -0.463        34    100000      2243    10.42   164.59     0.07     0.04     0.04     4.00
   0.333   0.333  -0.460        46    100000      2262    10.42   164.45     0.07     0.04     0.04     4.00
   0.333   0.333  -0.458        36    100000      2252    10.40   164.32     0.07     0.04     0.04     4.00
   0.333   0.333  -0.455        46    100000      2257    10.38   164.18     0.07     0.04     0.04     4.00
   0.333   0.333  -0.452        51    100000      2242    10.38   164.05     0.07     0.04     0.04     4.00
   0.333   0.333  -0.450        44    100000      2243    10.36   163.91     0.07     0.04     0.04     4.00
   0.333   0.333  -0.447        38    100000      2243    10.36   163.78     0.07     0.04     0.04     4.00
   0.333   0.333  -0.445        51    100000      2247    10.33   163.64     0.07     0.04     0.04     4.00
   0.333   0.333  -0.442        42    100000      2248    10.33   163.51     0.07     0.04     0.04     4.00
   0.333   0.333  -0.440        45    100000      2252    10.31   163.37     0.07     0.04     0.04     4.00
   0.333   0.333  -0.438        41    100000      2256    10.31   163.23     0.07     0.04     0.04     4.00
   0.333   0.333  -0.435        44    100000      2241    10.29   163.10     0.07     0.04     0.04     4.00
   0.333   0.333  -0.433        44    100000      2235    10.29   162.96     0.07     0.04     0.04     4.00
   0.333   0.333  -0.430        49    100000      2244    10.26   162.82     0.07     0.04     0.04     4.00
   0.333   0.333  -0.428        40    100000      2263    10.26   162.69     0.07     0.04     0.04     4.00
   0.333   0.333  -0.425        31    100000      2251    10.24   162.55     0.07     0.04     0.04     4.00
   0.333   0.333  -0.423        40    100000      2254    10.24   162.41     0.07     0.04     0.04     4.00
   0.333   0.333  -0.420        36    100000      2239    10.22   162.27     0.07     0.04     0.04     4.00
   0.333   0.333  -0.418        47    100000      2233    10.22   162.13     0.07     0.04     0.04     4.00
   0.333   0.333  -0.415        30    100000      2245    10.20   161.99     0.07     0.04     0.04     4.00
   0.333   0.333  -0.412        40    100000      2237    10.18   161.85     0.07     0.04     0.04     4.00
   0.333   0.333  -0.410        34    100000      2253    10.18   161.72     0.07     0.04     0.04     4.00
   0.333   0.333  -0.407        42    100000      2245    10.16   161.58     0.07     0.04     0.04     4.00
   0.333   0.333  -0.405        44    100000      2260    10.16   161.44     0.07     0.04     0.04     4.00
   0.333   0.333  -0.403        35    100000      2233    10.14   161.30     0.07     0.04     0.04     4.00
   0.333   0.333  -0.400        49    100000      2239    10.14   161.15     0.07     0.04     0.04     4.00
   0.333   0.333  -0.398        37    100000      2251    10.12   161.01     0.07     0.04     0.04     4.00
   0.333   0.333  -0.395        43    100000      2252    10.12   160.87     0.07     0.04     0.04     4.00
   0.333   0.333  -0.393        44    100000      2241    10.10   160.73     0.07     0.04     0.04     4.00
   0.333   0.333  -0.390        48    100000      2243    10.10   160.59     0.07     0.04     0.04     4.00
   0.333   0.333  -0.387        31    100000      2266    10.08   160.45     0.07     0.04     0.04     4.00
   0.333   0.333  -0.385        50    100000      2256    10.06   160.31     0.07     0.04     0.04     4.00
   0.333   0.333  -0.382        44    100000      2237    10.06   160.16     0.07     0.04     0.04     4.00
   0.333   0.333  -0.380        43    100000      2255    10.04   160.02     0.07     0.04     0.04     4.00
   0.333   0.333  -0.377        46    100000      2252    10.04   159.88     0.07     0.04     0.04     4.00
   0.333   0.333  -0.375        49    100000      2259    10.02   159.74     0.07     0.04     0.04     4.00
   0.333   0.333  -0.373        40    100000      2255    10.02   159.59     0.07     0.04     0.04     4.00
   0.333   0.333  -0.370        47    100000      2239    10.00   159.45     0.07     0.04     0.04     4.00
   0.333   0.333  -0.368        39    100000      2238    10.00   159.31     0.07     0.04     0.04     4.00
   0.333   0.333  -0.365        40    100000      2236     9.98   159.16     0.07     0.04     0.04     4.00
   0.333   0.333  -0.363        36    100000      2248     9.98   159.02     0.07     0.04     0.04     4.00
   0.333   0.333  -0.360        33    100000      2249     9.96   158.87     0.07     0.04     0.04     4.00
   0.333   0.333  -0.358        45    100000      2259     9.96   158.73     0.07     0.04     0.04     4.00
   0.333   0.333  -0.355        45    100000      2247     9.94   158.58     0.07     0.04     0.04     4.00
   0.333   0.333  -0.353        32    100000      2241     9.94   158.44     0.07     0.04     0.04     4.00
   0.333   0.333  -0.350        46    100000      2245     9.92   158.29     0.07     0.04     0.04     4.00
   0.333   0.333  -0.347        42    100000      2248     9.92   158.15     0.07     0.04     0.04     4.00
   0.333   0.333  -0.345        48    100000      2248     9.90   158.00     0.07     0.04     0.04     4.00
   0.333   0.333  -0.343        49    100000      2241     9.90   157.85     0.07     0.04     0.04     4.00
   0.333   0.333  -0.340        47    100000      2234     9.88   157.71     0.07     0.04     0.04     4.00
   0.333   0.333  -0.338        47    100000      2255     9.88   157.56     0.07     0.04     0.04     4.00
   0.333   0.333  -0.335        36    100000      2250     9.86   157.41     0.07     0.04     0.04     4.00
   0.333   0.333  -0.333        46    100000      2244     9.86   157.27     0.07     0.04     0.04     4.00
   0.333   0.333  -0.330        38    100000      2245     9.86   157.12     0.07     0.04     0.04     4.00
   0.333   0.333  -0.327        45    100000      2246     9.84   156.97     0.07     0.04     0.04     4.00
   0.333   0.333  -0.325        47    100000      2239     9.84   156.82     0.07     0.04     0.04     4.00
   0.333   0.333  -0.322        53    100000      2231     9.82   156.67     0.07     0.04     0.04     4.00
   0.333   0.333  -0.320        48    100000      2236     9.82   156.53     0.07     0.04     0.04     4.00
   0.333   0.333  -0.317        45    100000      2251     9.80   156.38     0.07     0.04     0.04     4.00
   0.333   0.333  -0.315        41    100000      2234     9.80   156.23     0.07     0.04     0.04     4.00
   0.333   0.333  -0.312        37    100000      2252     9.78   156.08     0.07     0.04     0.04     4.00
   0.333   0.333  -0.310        44    100000      2259     9.78   155.93     0.07     0.04     0.04     4.00
   0.333   0.333  -0.308        41    100000      2225     9.78   155.78     0.07     0.04     0.04     4.00
   0.333   0.333  -0.305        54    100000      2243     9.76   155.63     0.07     0.04     0.04     4.00
   0.333   0.333  -0.303        54    100000      2246     9.76   155.48     0.07     0.04     0.04     4.00
   0.333   0.333  -0.300        41    100000      2241     9.74   155.33     0.07     0.04     0.04     4.00
   0.333   0.333  -0.298        43    100000      2251     9.74   155.18     0.07     0.04     0.04     4.00
   0.333   0.333  -0.295        46    100000      2257     9.72   155.03     0.07     0.04     0.04     4.00
   0.333   0.333  -0.293        41    100000      2256     9.72   154.88     0.07     0.04     0.04     4.00
   0.333   0.333  -0.290        31    100000      2252     9.72   154.73     0.07     0.04     0.04     4.00
   0.333   0.333  -0.288        30    100000      2243     9.70   154.57     0.07     0.04     0.04     4.00
   0.333   0.333  -0.285        50    100000      2240     9.70   154.42     0.07     0.04     0.04     4.00
   0.333   0.333  -0.282        63    100000      2240     9.68   154.27     0.07     0.04     0.04     4.00
   0.333   0.333  -0.280        45    100000      2256     9.68   154.12     0.07     0.04     0.04     4.00
   0.333   0.333  -0.278        48    100000      2241     9.68   153.97     0.07     0.04     0.04     4.00
   0.333   0.333  -0.275        38    100000      2248     9.67   153.81     0.07     0.04     0.04     4.00
   0.333   0.333  -0.273        55    100000      2256     9.65   153.66     0.07     0.04     0.04     4.00
   0.333   0.333  -0.270        54    100000      2230     9.65   153.51     0.07     0.04     0.04     4.00
   0.333   0.333  -0.267        49    100000      2242     9.63   153.36     0.07     0.04     0.04     4.00
   0.333   0.333  -0.265        33    100000      2244     9.63   153.20     0.07     0.04     0.04     4.00
   0.333   0.333  -0.262        34    100000      2238     9.63   153.05     0.07     0.04     0.04     4.00
   0.333   0.333  -0.260        43    100000      2251     9.61   152.90     0.07     0.04     0.04     4.00
   0.333   0.333  -0.257        38    100000      2240     9.61   152.74     0.07     0.04     0.04     4.00
   0.333   0.333  -0.255        36    100000      2248     9.61   152.59     0.07     0.04     0.04     4.00
   0.333   0.333  -0.252        40    100000      2252     9.59   152.43     0.07     0.04     0.04     4.00
   0.333   0.333  -0.250        47    100000      2241     9.59   152.28     0.07     0.04     0.04     4.00
   0.333   0.333  -0.248        41    100000      2251     9.57   152.12     0.07     0.04     0.04     4.00
   0.333   0.333  -0.245        43    100000      2244     9.57   151.97     0.07     0.04     0.04     4.00
   0.333   0.333  -0.243        44    100000      2243     9.57   151.81     0.07     0.04     0.04     4.00
   0.333   0.333  -0.240        49    100000      2253     9.55   151.66     0.07     0.04     0.04     4.00
   0.333   0.333  -0.238        40    100000      2255     9.55   151.50     0.07     0.04     0.04     4.00
   0.333   0.333  -0.235        40    100000      2256     9.55   151.35     0.07     0.04     0.04     4.00
   0.333   0.333  -0.233        41    100000      2244     9.53   151.19     0.07     0.04     0.04     4.00
   0.333   0.333  -0.230        43    100000      2253     9.53   151.04     0.07     0.04     0.04     4.00
   0.333   0.333  -0.227        52    100000      2257     9.53   150.88     0.07     0.04     0.04     4.00
   0.333   0.333  -0.225        63    100000      2248     9.51   150.72     0.07     0.04     0.04     4.00
   0.333   0.333  -0.222        40    100000      2246     9.51   150.57     0.07     0.04     0.04     4.00
   0.333   0.333  -0.220        49    100000      2240     9.51   150.41     0.07     0.04     0.04     4.00
   0.333   0.333  -0.218        39    100000      2238     9.49   150.25     0.07     0.04     0.04     4.00
   0.333   0.333  -0.215        54    100000      2242     9.49   150.10     0.07     0.04     0.04     4.00
   0.333   0.333  -0.213        41    100000      2251     9.49   149.94     0.07     0.04     0.04     4.00
   0.333   0.333  -0.210        43    100000      2257     9.49   149.78     0.07     0.04     0.04     4.00
   0.333   0.333  -0.208        47    100000      2247     9.47   149.62     0.07     0.04     0.04     4.00
   0.333   0.333  -0.205        47    100000      2234     9.47   149.47     0.07     0.04     0.04     4.00
   0.333   0.333  -0.203        41    100000      2257     9.47   149.31     0.07     0.04     0.04     4.00
   0.333   0.333  -0.200        36    100000      2257     9.45   149.15     0.07     0.04     0.04     4.00
   0.333   0.333  -0.198        48    100000      2248     9.45   148.99     0.07     0.04     0.04     4.00
   0.333   0.333  -0.195        63    100000      2254     9.45   148.83     0.07     0.04     0.04     4.00
   0.333   0.333  -0.192        41    100000      2252     9.43   148.68     0.07     0.04     0.04     4.00
   0.333   0.333  -0.190        59    100000      2248     9.43   148.52     0.07     0.04     0.04     4.00
   0.333   0.333  -0.188        54    100000      2237     9.43   148.36     0.07     0.04     0.04     4.00
   0.333   0.333  -0.185        55    100000      2244     9.43   148.20     0.07     0.04     0.04     4.00
   0.333   0.333  -0.183        64    100000      2252     9.41   148.04     0.07     0.04     0.04     4.00
   0.333   0.333  -0.180        50    100000      2249     9.41   147.88     0.07     0.04     0.04     4.00
   0.333   0.333  -0.178        58    100000      2242     9.41   147.72     0.07     0.04     0.04     4.00
   0.333   0.333  -0.175        61    100000      2244     9.41   147.56     0.07     0.04     0.04     4.00
   0.333   0.333  -0.173        96    100000      2254     9.39   147.40     0.07     0.04     0.04     4.00
   0.333   0.333  -0.170        94    100000      2234     9.39   147.24     0.07     0.04     0.04     4.00
   0.333   0.333  -0.168        63    100000      2246     9.39   147.08     0.07     0.04     0.04     4.00
   0.333   0.333  -0.165        76    100000      2235     9.39   146.92     0.07     0.04     0.04     4.00
   0.333   0.333  -0.162        67    100000      2245     9.37   146.76     0.07     0.04     0.04     4.00
   0.333   0.333  -0.160        70    100000      2239     9.37   146.60     0.07     0.04     0.04     4.00
   0.333   0.333  -0.157        71    100000      2244     9.37   146.44     0.07     0.04     0.04     4.00
   0.333   0.333  -0.155        74    100000      2246     9.37   146.28     0.07     0.04     0.04     4.00
   0.333   0.333  -0.153        66    100000      2255     9.35   146.12     0.07     0.04     0.04     4.00
   0.333   0.333  -0.150        67    100000      2239     9.35   145.96     0.07     0.04     0.04     4.00
   0.333   0.333  -0.148        72    100000      2249     9.35   145.80     0.07     0.04     0.04     4.00
   0.333   0.333  -0.145        59    100000      2247     9.35   145.64     0.07     0.04     0.04     4.00
   0.333   0.333  -0.143        65    100000      2241     9.35   145.48     0.07     0.04     0.04     4.00
   0.333   0.333  -0.140        56    100000      2239     9.33   145.32     0.07     0.04     0.04     4.00
   0.333   0.333  -0.138        63    100000      2242     9.33   145.15     0.07     0.04     0.04     4.00
   0.333   0.333  -0.135        61    100000      2247     9.33   144.99     0.07     0.04     0.04     4.00
   0.333   0.333  -0.133        58    100000      2242     9.33   144.83     0.07     0.04     0.04     4.00
   0.333   0.333  -0.130        59    100000      2264     9.33   144.67     0.07     0.04     0.04     4.00
   0.333   0.333  -0.127        61    100000      2257     9.31   144.51     0.07     0.04     0.04     4.00
   0.333   0.333  -0.125        52    100000      2254     9.31   144.35     0.07     0.04     0.04     4.00
   0.333   0.333  -0.123        49    100000      2233     9.31   144.18     0.07     0.04     0.04     4.00
   0.333   0.333  -0.120        50    100000      2256     9.31   144.02     0.07     0.04     0.04     4.00
   0.333   0.333  -0.118        52    100000      2249     9.31   143.86     0.07     0.04     0.04     4.00
   0.333   0.333  -0.115        47    100000      2244     9.29   143.70     0.07     0.04     0.04     4.00
   0.333   0.333  -0.113        57    100000      2251     9.29   143.54     0.07     0.04     0.04     4.00
   0.333   0.333  -0.110        40    100000      2254     9.29   143.37     0.07     0.04     0.04     4.00
   0.333   0.333  -0.108        52    100000      2239     9.29   143.21     0.07     0.04     0.04     4.00
   0.333   0.333  -0.105        47    100000      2242     9.29   143.05     0.07     0.04     0.04     4.00
   0.333   0.333  -0.103        51    100000      2242     9.29   142.89     0.07     0.04     0.04     4.00
   0.333   0.333  -0.100        52    100000      2230     9.27   142.72     0.07     0.04     0.04     4.00
   0.333   0.333  -0.097        43    100000      2245     9.27   142.56     0.07     0.04     0.04     4.00
   0.333   0.333  -0.095        29    100000      2246     9.27   142.40     0.07     0.04     0.04     4.00
   0.333   0.333  -0.093        43    100000      2227     9.27   142.24     0.07     0.04     0.04     4.00
   0.333   0.333  -0.090        34    100000      2238     9.27   142.07     0.07     0.04     0.04     4.00
   0.333   0.333  -0.088        39    100000      2256     9.27   141.91     0.07     0.04     0.04     4.00
   0.333   0.333  -0.085        60    100000      2261     9.27   141.75     0.07     0.04     0.04     4.00
   0.333   0.333  -0.083        44    100000      2250     9.27   141.58     0.07     0.04     0.04     4.00
   0.333   0.333  -0.080        39    100000      2241     9.25   141.42     0.07     0.04     0.04     4.00
   0.333   0.333  -0.078        49    100000      2248     9.25   141.26     0.07     0.04     0.04     4.00
   0.333   0.333  -0.075        39    100000      2243     9.25   141.09     0.07     0.04     0.04     4.00
   0.333   0.333  -0.073        42    100000      2244     9.25   140.93     0.07     0.04     0.04     4.00
   0.333   0.333  -0.070        52    100000      2249     9.25   140.77     0.07     0.04     0.04     4.00
   0.333   0.333  -0.067        35    100000      2242     9.25   140.60     0.07     0.04     0.04     4.00
   0.333   0.333  -0.065        47    100000      2251     9.25   140.44     0.07     0.04     0.04     4.00
   0.333   0.333  -0.062        42    100000      2255     9.25   140.28     0.07     0.04     0.04     4.00
   0.333   0.333  -0.060        43    100000      2244     9.25   140.11     0.07     0.04     0.04     4.00
   0.333   0.333  -0.058        46    100000      2266     9.23   139.95     0.07     0.04     0.04     4.00
   0.333   0.333  -0.055        43    100000      2252     9.23   139.79     0.07     0.04     0.04     4.00
   0.333   0.333  -0.053        52    100000      2261     9.23   139.62     0.07     0.04     0.04     4.00
   0.333   0.333  -0.050        43    100000      2253     9.23   139.46     0.07     0.04     0.04     4.00
   0.333   0.333  -0.048        49    100000      2246     9.23   139.30     0.07     0.04     0.04     4.00
   0.333   0.333  -0.045        45    100000      2243     9.23   139.13     0.07     0.04     0.04     4.00
   0.333   0.333  -0.043        39    100000      2248     9.23   138.97     0.07     0.04     0.04     4.00
   0.333   0.333  -0.040        46    100000      2260     9.23   138.81     0.07     0.04     0.04     4.00
   0.333   0.333  -0.038        49    100000      2253     9.23   138.64     0.07     0.04     0.04     4.00
   0.333   0.333  -0.035        46    100000      2238     9.23   138.48     0.07     0.04     0.04     4.00
   0.333   0.333  -0.032        46    100000      2230     9.23   138.32     0.07     0.04     0.04     4.00
   0.333   0.333  -0.030        46    100000      2251     9.23   138.15     0.07     0.04     0.04     4.00
   0.333   0.333  -0.028        47    100000      2257     9.23   137.99     0.07     0.04     0.04     4.00
   0.333   0.333  -0.025        35    100000      2242     9.23   137.83     0.07     0.04     0.04     4.00
   0.333   0.333  -0.023        30    100000      2241     9.23   137.66     0.07     0.04     0.04     4.00
   0.333   0.333  -0.020        32    100000      2260     9.23   137.50     0.07     0.04     0.04     4.00
   0.333   0.333  -0.018        39    100000      2248     9.23   137.34     0.07     0.04     0.04     4.00
   0.333   0.333  -0.015        43    100000      2244     9.23   137.17     0.07     0.04     0.04     4.00
   0.333   0.333  -0.013        51    100000      2249     9.23   137.01     0.07     0.04     0.04     4.00
   0.333   0.333  -0.010        44    100000      2254     9.23   136.85     0.07     0.04     0.04     4.00
   0.333   0.333  -0.008        42    100000      2243     9.21   136.68     0.07     0.04     0.04     4.00
   0.333   0.333  -0.005        52    100000      2251     9.21   136.52     0.07     0.04     0.04     4.00
   0.333   0.333  -0.002        48    100000      2242     9.21   136.36     0.07     0.04     0.04     4.00
   0.333   0.333   0.000        34    100000      2233     9.21   136.19     0.07     0.04     0.04     4.00
   0.333   0.333   0.002        36    100000      2261     9.21   136.03     0.07     0.04     0.04     4.00
   0.333   0.333   0.005        57    100000      2245     9.21   135.87     0.07     0.04     0.04     4.00
   0.333   0.333   0.007        43    100000      2250     9.21   135.70     0.07     0.04     0.04     4.00
   0.333   0.333   0.010        43    100000      2247     9.21   135.54     0.07     0.04     0.04     4.00
   0.333   0.333   0.012        33    100000      2247     9.21   135.38     0.07     0.04     0.04     4.00
   0.333   0.333   0.015        41    100000      2250     9.21   135.21     0.07     0.04     0.04     4.00
   0.333   0.333   0.017        53    100000      2245     9.21   135.05     0.07     0.04     0.04     4.00
   0.333   0.333   0.020        45    100000      2252     9.21   134.89     0.07     0.04     0.04     4.00
   0.333   0.333   0.022        42    100000      2259     9.22   134.72     0.07     0.04     0.04     4.00
   0.333   0.333   0.025        42    100000      2253     9.22   134.56     0.07     0.04     0.04     4.00
   0.333   0.333   0.027        44    100000      2248     9.22   134.40     0.07     0.04     0.04     4.00
   0.333   0.333   0.030        44    100000      2251     9.22   134.24     0.07     0.04     0.04     4.00
   0.333   0.333   0.032        48    100000      2244     9.22   134.07     0.07     0.04     0.04     4.00
   0.333   0.333   0.035        45    100000      2255     9.22   133.91     0.07     0.04     0.04     4.00
   0.333   0.333   0.037        40    100000      2231     9.22   133.75     0.07     0.04     0.04     4.00
   0.333   0.333   0.040        49    100000      2246     9.22   133.59     0.07     0.04     0.04     4.00
   0.333   0.333   0.042        40    100000      2246     9.22   133.42     0.07     0.04     0.04     4.00
   0.333   0.333   0.045        44    100000      2237     9.22   133.26     0.07     0.04     0.04     4.00
   0.333   0.333   0.048        39    100000      2243     9.24   133.10     0.07     0.04     0.04     4.00
   0.333   0.333   0.050        36    100000      2238     9.24   132.94     0.07     0.04     0.04     4.00
   0.333   0.333   0.053        39    100000      2248     9.24   132.78     0.07     0.04     0.04     4.00
   0.333   0.333   0.055        42    100000      2248     9.24   132.61     0.07     0.04     0.04     4.00
   0.333   0.333   0.058        41    100000      2254     9.24   132.45     0.07     0.04     0.04     4.00
   0.333   0.333   0.060        54    100000      2250     9.24   132.29     0.07     0.04     0.04     4.00
   0.333   0.333   0.062        53    100000      2243     9.24   132.13     0.07     0.04     0.04     4.00
   0.333   0.333   0.065        53    100000      2235     9.24   131.97     0.07     0.04     0.04     4.00
   0.333   0.333   0.067        46    100000      2236     9.24   131.81     0.07     0.04     0.04     4.00
   0.333   0.333   0.070        49    100000      2249     9.24   131.65     0.07     0.04     0.04     4.00
   0.333   0.333   0.072        47    100000      2259     9.24   131.48     0.07     0.04     0.04     4.00
   0.333   0.333   0.075        47    100000      2244     9.26   131.32     0.07     0.04     0.04     4.00
   0.333   0.333   0.077        43    100000      2236     9.26   131.16     0.07     0.04     0.04     4.00
   0.333   0.333   0.080        49    100000      2253     9.26   131.00     0.07     0.04     0.04     4.00
   0.333   0.333   0.082        42    100000      2249     9.26   130.84     0.07     0.04     0.04     4.00
   0.333   0.333   0.085        34    100000      2241     9.26   130.68     0.07     0.04     0.04     4.00
   0.333   0.333   0.087        46    100000      2243     9.26   130.52     0.07     0.04     0.04     4.00
   0.333   0.333   0.090        47    100000      2232     9.26   130.36     0.07     0.04     0.04     4.00
   0.333   0.333   0.092        34    100000      2249     9.26   130.20     0.07     0.04     0.04     4.00
   0.333   0.333   0.095        57    100000      2254     9.28   130.04     0.07     0.04     0.04     4.00
   0.333   0.333   0.097        39    100000      2254     9.28   129.88     0.07     0.04     0.04     4.00
   0.333   0.333   0.100        39    100000      2236     9.28   129.72     0.07     0.04     0.04     4.00
   0.333   0.333   0.102        58    100000      2237     9.28   129.56     0.07     0.04     0.04     4.00
   0.333   0.333   0.105        42    100000      2248     9.28   129.40     0.07     0.04     0.04     4.00
   0.333   0.333   0.107        53    100000      2245     9.28   129.24     0.07     0.04     0.04     4.00
   0.333   0.333   0.110        42    100000      2250     9.28   129.08     0.07     0.04     0.04     4.00
   0.333   0.333   0.113        47    100000      2237     9.30   128.92     0.07     0.04     0.04     4.00
   0.333   0.333   0.115        39    100000      2254     9.30   128.77     0.07     0.04     0.04     4.00
   0.333   0.333   0.118        56    100000      2240     9.30   128.61     0.07     0.04     0.04     4.00
   0.333   0.333   0.120        54    100000      2250     9.30   128.45     0.07     0.04     0.04     4.00
   0.333   0.333   0.123        62    100000      2247     9.30   128.29     0.07     0.04     0.04     4.00
   0.333   0.333   0.125        55    100000      2241     9.32   128.13     0.07     0.04     0.04     4.00
   0.333   0.333   0.127        42    100000      2252     9.32   127.97     0.07     0.04     0.04     4.00
   0.333   0.333   0.130        63    100000      2248     9.32   127.82     0.07     0.04     0.04     4.00
   0.333   0.333   0.132        58    100000      2259     9.32   127.66     0.07     0.04     0.04     4.00
   0.333   0.333   0.135        48    100000      2256     9.32   127.50     0.07     0.04     0.04     4.00
   0.333   0.333   0.137        63    100000      2246     9.34   127.34     0.07     0.04     0.04     4.00
   0.333   0.333   0.140        51    100000      2240     9.34   127.19     0.07     0.04     0.04     4.00
   0.333   0.333   0.142        88    100000      2256     9.34   127.03     0.07     0.04     0.04     4.00
   0.333   0.333   0.145        69    100000      2250     9.34   126.87     0.07     0.04     0.04     4.00
   0.333   0.333   0.147        72    100000      2242     9.34   126.72     0.07     0.04     0.04     4.00
   0.333   0.333   0.150        64    100000      2242     9.36   126.56     0.07     0.04     0.04     4.00
   0.333   0.333   0.152        75    100000      2239     9.36   126.40     0.07     0.04     0.04     4.00
   0.333   0.333   0.155        84    100000      2246     9.36   126.25     0.07     0.04     0.04     4.00
   0.333   0.333   0.157        70    100000      2244     9.36   126.09     0.07     0.04     0.04     4.00
   0.333   0.333   0.160        80    100000      2246     9.36   125.93     0.07     0.04     0.04     4.00
   0.333   0.333   0.162        87    100000      2237     9.38   125.78     0.07     0.04     0.04     4.00
   0.333   0.333   0.165        71    100000      2247     9.38   125.62     0.07     0.04     0.04     4.00
   0.333   0.333   0.167        77    100000      2261     9.38   125.47     0.07     0.04     0.04     4.00
   0.333   0.333   0.170        59    100000      2242     9.38   125.31     0.07     0.04     0.04     4.00
   0.333   0.333   0.173        51    100000      2235     9.40   125.16     0.07     0.04     0.04     4.00
   0.333   0.333   0.175        67    100000      2238     9.40   125.00     0.07     0.04     0.04     4.00
   0.333   0.333   0.178        66    100000      2248     9.40   124.85     0.07     0.04     0.04     4.00
   0.333   0.333   0.180        56    100000      2240     9.40   124.70     0.07     0.04     0.04     4.00
   0.333   0.333   0.183        47    100000      2255     9.42   124.54     0.07     0.04     0.04     4.00
   0.333   0.333   0.185        38    100000      2258     9.42   124.39     0.07     0.04     0.04     4.00
   0.333   0.333   0.188        44    100000      2243     9.42   124.24     0.07     0.04     0.04     4.00
   0.333   0.333   0.190        46    100000      2249     9.44   124.08     0.07     0.04     0.04     4.00
   0.333   0.333   0.192        32    100000      2250     9.44   123.93     0.07     0.04     0.04     4.00
   0.333   0.333   0.195        51    100000      2259     9.44   123.78     0.07     0.04     0.04     4.00
   0.333   0.333   0.197        38    100000      2254     9.44   123.62     0.07     0.04     0.04     4.00
   0.333   0.333   0.200        49    100000      2248     9.46   123.47     0.07     0.04     0.04     4.00
   0.333   0.333   0.202        41    100000      2247     9.46   123.32     0.07     0.04     0.04     4.00
   0.333   0.333   0.205        39    100000      2239     9.46   123.17     0.07     0.04     0.04     4.00
   0.333   0.333   0.207        38    100000      2245     9.48   123.02     0.07     0.04     0.04     4.00
   0.333   0.333   0.210        34    100000      2264     9.48   122.86     0.07     0.04     0.04     4.00
   0.333   0.333   0.212        41    100000      2258     9.48   122.71     0.07     0.04     0.04     4.00
   0.333   0.333   0.215        47    100000      2240     9.50   122.56     0.07     0.04     0.04     4.00
   0.333   0.333   0.217        44    100000      2248     9.50   122.41     0.07     0.04     0.04     4.00
   0.333   0.333   0.220        51    100000      2244     9.50   122.26     0.07     0.04     0.04     4.00
   0.333   0.333   0.222        49    100000      2229     9.50   122.11     0.07     0.04     0.04     4.00
   0.333   0.333   0.225        44    100000      2249     9.52   121.96     0.07     0.04     0.04     4.00
   0.333   0.333   0.227        55    100000      2231     9.52   121.81     0.07     0.04     0.04     4.00
   0.333   0.333   0.230        42    100000      2227     9.52   121.66     0.07     0.04     0.04     4.00
   0.333   0.333   0.232        42    100000      2247     9.54   121.51     0.07     0.04     0.04     4.00
   0.333   0.333   0.235        52    100000      2246     9.54   121.36     0.07     0.04     0.04     4.00
   0.333   0.333   0.238        39    100000      2248     9.54   121.21     0.07     0.04     0.04     4.00
   0.333   0.333   0.240        42    100000      2254     9.56   121.07     0.07     0.04     0.04     4.00
   0.333   0.333   0.243        45    100000      2254     9.56   120.92     0.07     0.04     0.04     4.00
   0.333   0.333   0.245        41    100000      2258     9.58   120.77     0.07     0.04     0.04     4.00
   0.333   0.333   0.248        35    100000      2225     9.58   120.62     0.07     0.04     0.04     4.00
   0.333   0.333   0.250        43    100000      2244     9.58   120.47     0.07     0.04     0.04     4.00
   0.333   0.333   0.252        47    100000      2234     9.60   120.33     0.07     0.04     0.04     4.00
   0.333   0.333   0.255        43    100000      2247     9.60   120.18     0.07     0.04     0.04     4.00
   0.333   0.333   0.257        38    100000      2243     9.60   120.03     0.07     0.04     0.04     4.00
   0.333   0.333   0.260        54    100000      2240     9.62   119.89     0.07     0.04     0.04     4.00
   0.333   0.333   0.262        43    100000      2243     9.62   119.74     0.07     0.04     0.04     4.00
   0.333   0.333   0.265        37    100000      2239     9.62   119.59     0.07     0.04     0.04     4.00
   0.333   0.333   0.267        45    100000      2237     9.64   119.45     0.07     0.04     0.04     4.00
   0.333   0.333   0.270        44    100000      2231     9.64   119.30     0.07     0.04     0.04     4.00
   0.333   0.333   0.272        39    100000      2253     9.66   119.16     0.07     0.04     0.04     4.00
   0.333   0.333   0.275        47    100000      2249     9.66   119.01     0.07     0.04     0.04     4.00
   0.333   0.333   0.277        37    100000      2233     9.66   118.87     0.07     0.04     0.04     4.00
   0.333   0.333   0.280        55    100000      2246     9.68   118.72     0.07     0.04     0.04     4.00
   0.333   0.333   0.282        37    100000      2249     9.68   118.58     0.07     0.04     0.04     4.00
   0.333   0.333   0.285        38    100000      2243     9.70   118.44     0.07     0.04     0.04     4.00
   0.333   0.333   0.287        43    100000      2240     9.70   118.29     0.07     0.04     0.04     4.00
   0.333   0.333   0.290        42    100000      2248     9.70   118.15     0.07     0.04     0.04     4.00
   0.333   0.333   0.292        46    100000      2237     9.72   118.01     0.07     0.04     0.04     4.00
   0.333   0.333   0.295        43    100000      2246     9.72   117.86     0.07     0.04     0.04     4.00
   0.333   0.333   0.297        44    100000      2256     9.74   117.72     0.07     0.04     0.04     4.00
   0.333   0.333   0.300        27    100000      2241     9.74   117.58     0.07     0.04     0.04     4.00
   0.333   0.333   0.303        36    100000      2249     9.76   117.44     0.07     0.04     0.04     4.00
   0.333   0.333   0.305        42    100000      2246     9.76   117.30     0.07     0.04     0.04     4.00
   0.333   0.333   0.308        30    100000      2227     9.76   117.16     0.07     0.04     0.04     4.00
   0.333   0.333   0.310        38    100000      2257     9.78   117.02     0.07     0.04     0.04     4.00
   0.333   0.333   0.312        46    100000      2232     9.78   116.87     0.07     0.04     0.04     4.00
   0.333   0.333   0.315        39    100000      2248     9.80   116.73     0.07     0.04     0.04     4.00
   0.333   0.333   0.317        53    100000      2244     9.80   116.59     0.07     0.04     0.04     4.00
   0.333   0.333   0.320        51    100000      2256     9.82   116.45     0.07     0.04     0.04     4.00
   0.333   0.333   0.322        45    100000      2253     9.82   116.32     0.07     0.04     0.04     4.00
   0.333   0.333   0.325        35    100000      2260     9.84   116.18     0.07     0.04     0.04     4.00
   0.333   0.333   0.327        55    100000      2256     9.84   116.04     0.07     0.04     0.04     4.00
   0.333   0.333   0.330        41    100000      2248     9.84   115.90     0.07     0.04     0.04     4.00
   0.333   0.333   0.332        39    100000      2239     9.86   115.76     0.07     0.04     0.04     4.00
   0.333   0.333   0.335        36    100000      2252     9.86   115.62     0.07     0.04     0.04     4.00
   0.333   0.333   0.337        35    100000      2263     9.88   115.48     0.07     0.04     0.04     4.00
   0.333   0.333   0.340        60    100000      2252     9.88   115.35     0.07     0.04     0.04     4.00
   0.333   0.333   0.342        53    100000      2260     9.90   115.21     0.07     0.04     0.04     4.00
   0.333   0.333   0.345        32    100000      2251     9.90   115.07     0.07     0.04     0.04     4.00
   0.333   0.333   0.347        37    100000      2226     9.92   114.94     0.07     0.04     0.04     4.00
   0.333   0.333   0.350        35    100000      2256     9.92   114.80     0.07     0.04     0.04     4.00
   0.333   0.333   0.352        44    100000      2239     9.94   114.67     0.07     0.04     0.04     4.00
   0.333   0.333   0.355        41    100000      2256     9.94   114.53     0.07     0.04     0.04     4.00
   0.333   0.333   0.357        34    100000      2244     9.96   114.39     0.07     0.04     0.04     4.00
   0.333   0.333   0.360        37    100000      2241     9.96   114.26     0.07     0.04     0.04     4.00
   0.333   0.333   0.362        36    100000      2244     9.98   114.13     0.07     0.04     0.04     4.00
   0.333   0.333   0.365        34    100000      2241     9.98   113.99     0.07     0.04     0.04     4.00
   0.333   0.333   0.368        39    100000      2235    10.00   113.86     0.07     0.04     0.04     4.00
   0.333   0.333   0.370        42    100000      2252    10.00   113.72     0.07     0.04     0.04     4.00
   0.333   0.333   0.373        51    100000      2256    10.02   113.59     0.07     0.04     0.04     4.00
   0.333   0.333   0.375        38    100000      2262    10.02   113.46     0.07     0.04     0.04     4.00
   0.333   0.333   0.377        34    100000      2237    10.04   113.32     0.07     0.04     0.04     4.00
   0.333   0.333   0.380        46    100000      2240    10.04   113.19     0.07     0.04     0.04     4.00
   0.333   0.333   0.382        43    100000      2245    10.06   113.06     0.07     0.04     0.04     4.00
   0.333   0.333   0.385        35    100000      2242    10.06   112.93     0.07     0.04     0.04     4.00
   0.333   0.333   0.387        46    100000      2245    10.08   112.80     0.07     0.04     0.04     4.00
   0.333   0.333   0.390        31    100000      2250    10.08   112.67     0.07     0.04     0.04     4.00
   0.333   0.333   0.392        47    100000      2248    10.10   112.53     0.07     0.04     0.04     4.00
   0.333   0.333   0.395        35    100000      2244    10.12   112.40     0.07     0.04     0.04     4.00
   0.333   0.333   0.397        40    100000      2260    10.12   112.27     0.07     0.04     0.04     4.00
   0.333   0.333   0.400        41    100000      2243    10.14   112.14     0.07     0.04     0.04     4.00
   0.333   0.333   0.402        46    100000      2255    10.14   112.01     0.07     0.04     0.04     4.00
   0.333   0.333   0.405        46    100000      2245    10.16   111.89     0.07     0.04     0.04     4.00
   0.333   0.333   0.407        34    100000      2252    10.16   111.76     0.07     0.04     0.04     4.00
   0.333   0.333   0.410        37    100000      2237    10.18   111.63     0.07     0.04     0.04     4.00
   0.333   0.333   0.412        33    100000      2244    10.18   111.50     0.07     0.04     0.04     4.00
   0.333   0.333   0.415        34    100000      2251    10.20   111.37     0.07     0.04     0.04     4.00
   0.333   0.333   0.417        46    100000      2240    10.22   111.24     0.07     0.04     0.04     4.00
   0.333   0.333   0.420        38    100000      2260    10.22   111.12     0.07     0.04     0.04     4.00
   0.333   0.333   0.422        37    100000      2243    10.24   110.99     0.07     0.04     0.04     4.00
   0.333   0.333   0.425        45    100000      2255    10.24   110.86     0.07     0.04     0.04     4.00
   0.333   0.333   0.427        36    100000      2247    10.26   110.74     0.07     0.04     0.04     4.00
   0.333   0.333   0.430        47    100000      2233    10.26   110.61     0.07     0.04     0.04     4.00
   0.333   0.333   0.433        42    100000      2239    10.28   110.49     0.07     0.04     0.04     4.00
   0.333   0.333   0.435        43    100000      2267    10.29   110.36     0.07     0.04     0.04     4.00
   0.333   0.333   0.438        34    100000      2248    10.31   110.24     0.07     0.04     0.04     4.00
   0.333   0.333   0.440        41    100000      2237    10.31   110.11     0.07     0.04     0.04     4.00
   0.333   0.333   0.442        39    100000      2252    10.33   109.99     0.07     0.04     0.04     4.00
   0.333   0.333   0.445        37    100000      2251    10.33   109.86     0.07     0.04     0.04     4.00
   0.333   0.333   0.447        26    100000      2256    10.35   109.74     0.07     0.04     0.04     4.00
   0.333   0.333   0.450        31    100000      2234    10.37   109.61     0.07     0.04     0.04     4.00
   0.333   0.333   0.452        38    100000      2253    10.37   109.49     0.07     0.04     0.04     4.00
   0.333   0.333   0.455        42    100000      2243    10.39   109.37     0.07     0.04     0.04     4.00
   0.333   0.333   0.457        41    100000      2254    10.39   109.25     0.07     0.04     0.04     4.00
   0.333   0.333   0.460        36    100000      2251    10.42   109.12     0.07     0.04     0.04     4.00
   0.333   0.333   0.462        32    100000      2238    10.42   109.00     0.07     0.04     0.04     4.00
   0.333   0.333   0.465        50    100000      2240    10.44   108.88     0.07     0.04     0.04     4.00
   0.333   0.333   0.467        42    100000      2236    10.44   108.76     0.07     0.04     0.04     4.00
   0.333   0.333   0.470        29    100000      2244    10.46   108.64     0.07     0.04     0.04     4.00
   0.333   0.333   0.472        33    100000      2235    10.48   108.52     0.07     0.04     0.04     4.00
   0.333   0.333   0.475        34    100000      2242    10.48   108.40     0.07     0.04     0.04     4.00
   0.333   0.333   0.477        32    100000      2243    10.50   108.28     0.07     0.04     0.04     4.00
   0.333   0.333   0.480        40    100000      2252    10.50   108.16     0.07     0.04     0.04     4.00
   0.333   0.333   0.482        31    100000      2254    10.53   108.04     0.07     0.04     0.04     4.00
   0.333   0.333   0.485        35    100000      2239    10.53   107.92     0.07     0.04     0.04     4.00
   0.333   0.333   0.487        32    100000      2236    10.55   107.80     0.07     0.04     0.04     4.00
   0.333   0.333   0.490        30    100000      2230    10.57   107.68     0.07     0.04     0.04     4.00
   0.333   0.333   0.493        39    100000      2260    10.57   107.57     0.07     0.04     0.04     4.00
   0.333   0.333   0.495        44    100000      2226    10.59   107.45     0.07     0.04     0.04     4.00
   0.333   0.333   0.498        43    100000      2247    10.59   107.33     0.07     0.04     0.04     4.00
   0.333   0.333   0.500        37    100000      2243    10.62   107.22     0.07     0.04     0.04     4.00
