   0.333   0.333   0.000        46    100000      2248     9.21   136.20     0.07     0.20     0.18     0.00
   0.333   0.333   0.002        47    100000      2241     9.21   136.03     0.07     0.20     0.18     0.00
   0.333   0.333   0.005        42    100000      2241     9.21   135.87     0.07     0.20     0.18     0.00
   0.333   0.333   0.007        37    100000      2248     9.21   135.70     0.07     0.20     0.18     0.00
   0.333   0.333   0.010        49    100000      2227     9.21   135.54     0.07     0.20     0.18     0.00
   0.333   0.333   0.012        40    100000      2242     9.21   135.38     0.07     0.20     0.18     0.00
   0.333   0.333   0.015        42    100000      2249     9.21   135.21     0.07     0.20     0.18     0.00
   0.333   0.333   0.018        36    100000      2228     9.21   135.05     0.07     0.20     0.18     0.00
   0.333   0.333   0.020        54    100000      2259     9.21   134.89     0.07     0.20     0.18     0.00
   0.333   0.333   0.022        50    100000      2248     9.22   134.72     0.07     0.20     0.18     0.00
   0.333   0.333   0.025        35    100000      2254     9.22   134.56     0.07     0.19     0.18     0.00
   0.333   0.333   0.027        42    100000      2248     9.22   134.40     0.07     0.19     0.18     0.00
   0.333   0.333   0.030        40    100000      2238     9.22   134.24     0.07     0.19     0.18     0.00
   0.333   0.333   0.032        30    100000      2231     9.22   134.07     0.07     0.19     0.18     0.00
   0.333   0.333   0.035        51    100000      2239     9.22   133.91     0.07     0.19     0.18     0.00
   0.333   0.333   0.037        46    100000      2242     9.22   133.75     0.07     0.19     0.18     0.00
   0.333   0.333   0.040        48    100000      2257     9.22   133.59     0.07     0.19     0.18     0.00
   0.333   0.333   0.043        39    100000      2238     9.22   133.42     0.07     0.19     0.18     0.00
   0.333   0.333   0.045        41    100000      2229     9.22   133.26     0.07     0.19     0.18     0.00
   0.333   0.333   0.047        36    100000      2226     9.24   133.10     0.07     0.19     0.18     0.00
   0.333   0.333   0.050        51    100000      2251     9.23   132.94     0.07     0.19     0.18     0.00
   0.333   0.333   0.052        31    100000      2243     9.23   132.78     0.07     0.19     0.18     0.00
   0.333   0.333   0.055        25    100000      2240     9.23   132.61     0.07     0.19     0.18     0.00
   0.333   0.333   0.057        47    100000      2242     9.23   132.45     0.07     0.19     0.18     0.00
   0.333   0.333   0.060        37    100000      2234     9.23   132.29     0.07     0.19     0.18     0.00
   0.333   0.333   0.062        51    100000      2240     9.25   132.13     0.07     0.19     0.18     0.00
   0.333   0.333   0.065        33    100000      2245     9.25   131.97     0.07     0.19     0.18     0.00
   0.333   0.333   0.067        44    100000      2238     9.25   131.81     0.07     0.19     0.18     0.00
   0.333   0.333   0.070        46    100000      2261     9.25   131.65     0.07     0.19     0.18     0.00
   0.333   0.333   0.072        48    100000      2241     9.25   131.48     0.07     0.19     0.18     0.00
   0.333   0.333   0.075        38    100000      2252     9.25   131.32     0.07     0.19     0.18     0.00
   0.333   0.333   0.078        43    100000      2245     9.25   131.16     0.07     0.19     0.18     0.00
   0.333   0.333   0.080        50    100000      2248     9.25   131.00     0.07     0.19     0.18     0.00
   0.333   0.333   0.082        43    100000      2239     9.25   130.84     0.07     0.18     0.18     0.00
   0.333   0.333   0.085        56    100000      2233     9.27   130.68     0.07     0.18     0.18     0.00
   0.333   0.333   0.087        31    100000      2247     9.27   130.52     0.07     0.18     0.18     0.00
   0.333   0.333   0.090        51    100000      2241     9.27   130.36     0.07     0.18     0.18     0.00
   0.333   0.333   0.093        37    100000      2247     9.27   130.20     0.07     0.18     0.18     0.00
   0.333   0.333   0.095        40    100000      2242     9.27   130.04     0.07     0.18     0.18     0.00
   0.333   0.333   0.097        35    100000      2244     9.27   129.88     0.07     0.18     0.18     0.00
   0.333   0.333   0.100        38    100000      2244     9.27   129.72     0.07     0.18     0.18     0.00
   0.333   0.333   0.102        42    100000      2247     9.29   129.56     0.07     0.18     0.18     0.00
   0.333   0.333   0.105        41    100000      2247     9.29   129.40     0.07     0.18     0.18     0.00
   0.333   0.333   0.107        57    100000      2243     9.29   129.24     0.07     0.18     0.18     0.00
   0.333   0.333   0.110        31    100000      2261     9.29   129.08     0.07     0.18     0.18     0.00
   0.333   0.333   0.112        28    100000      2243     9.29   128.92     0.07     0.18     0.18     0.00
   0.333   0.333   0.115        41    100000      2249     9.29   128.77     0.07     0.18     0.18     0.00
   0.333   0.333   0.117        34    100000      2235     9.29   128.61     0.07     0.18     0.18     0.00
   0.333   0.333   0.120        40    100000      2242     9.31   128.45     0.07     0.18     0.18     0.00
   0.333   0.333   0.122        49    100000      2246     9.31   128.29     0.07     0.18     0.18     0.00
   0.333   0.333   0.125        47    100000      2263     9.31   128.13     0.07     0.18     0.18     0.00
   0.333   0.333   0.127        37    100000      2240     9.31   127.97     0.07     0.18     0.18     0.00
   0.333   0.333   0.130        40    100000      2241     9.31   127.82     0.07     0.18     0.18     0.00
   0.333   0.333   0.132        47    100000      2235     9.33   127.66     0.07     0.18     0.18     0.00
   0.333   0.333   0.135        46    100000      2244     9.33   127.50     0.07     0.18     0.18     0.00
   0.333   0.333   0.138        39    100000      2243     9.33   127.34     0.07     0.18     0.18     0.00
   0.333   0.333   0.140        38    100000      2246     9.33   127.19     0.07     0.18     0.18     0.00
   0.333   0.333   0.142        53    100000      2256     9.33   127.03     0.07     0.18     0.18     0.00
   0.333   0.333   0.145        33    100000      2252     9.35   126.87     0.07     0.18     0.18     0.00
   0.333   0.333   0.147        41    100000      2245     9.35   126.72     0.07     0.18     0.18     0.00
   0.333   0.333   0.150        50    100000      2244     9.35   126.56     0.07     0.18     0.18     0.00
   0.333   0.333   0.153        44    100000      2238     9.35   126.40     0.07     0.18     0.18     0.00
   0.333   0.333   0.155        43    100000      2234     9.37   126.25     0.07     0.18     0.18     0.00
   0.333   0.333   0.157        38    100000      2249     9.37   126.09     0.07     0.18     0.18     0.00
   0.333   0.333   0.160        38    100000      2235     9.37   125.93     0.07     0.18     0.18     0.00
   0.333   0.333   0.162        30    100000      2253     9.37   125.78     0.07     0.18     0.18     0.00
   0.333   0.333   0.165        47    100000      2252     9.37   125.62     0.07     0.18     0.18     0.00
   0.333   0.333   0.167        46    100000      2240     9.39   125.47     0.07     0.18     0.18     0.00
   0.333   0.333   0.170        37    100000      2225     9.39   125.31     0.07     0.18     0.18     0.00
   0.333   0.333   0.172        48    100000      2260     9.39   125.16     0.07     0.18     0.18     0.00
   0.333   0.333   0.175        60    100000      2243     9.39   125.00     0.07     0.18     0.18     0.00
   0.333   0.333   0.177       115    100000      2252     9.41   124.85     0.07     0.18     0.18     0.00
   0.333   0.333   0.180       188    100000      2235     9.41   124.70     0.07     0.18     0.18     0.00
   0.333   0.333   0.182       239    100000      2252     9.41   124.54     0.07     0.18     0.18     0.00
   0.333   0.333   0.185       230    100000      2243     9.43   124.39     0.07     0.18     0.18     0.00
   0.333   0.333   0.188       147    100000      2248     9.43   124.24     0.07     0.18     0.18     0.00
   0.333   0.333   0.190       104    100000      2247     9.43   124.08     0.07     0.18     0.18     0.00
   0.333   0.333   0.192        66    100000      2255     9.43   123.93     0.07     0.18     0.18     0.00
   0.333   0.333   0.195        37    100000      2237     9.45   123.78     0.07     0.18     0.18     0.00
   0.333   0.333   0.197        41    100000      2234     9.45   123.62     0.07     0.18     0.18     0.00
   0.333   0.333   0.200        27    100000      2246     9.45   123.47     0.07     0.18     0.18     0.00
   0.333   0.333   0.203        41    100000      2242     9.47   123.32     0.07     0.18     0.18     0.00
   0.333   0.333   0.205        44    100000      2250     9.47   123.17     0.07     0.18     0.18     0.00
   0.333   0.333   0.207        46    100000      2240     9.47   123.02     0.07     0.18     0.18     0.00
   0.333   0.333   0.210        39    100000      2242     9.47   122.86     0.07     0.18     0.18     0.00
   0.333   0.333   0.212        37    100000      2232     9.49   122.71     0.07     0.18     0.18     0.00
   0.333   0.333   0.215        55    100000      2254     9.49   122.56     0.07     0.18     0.18     0.00
   0.333   0.333   0.218        49    100000      2238     9.49   122.41     0.07     0.18     0.18     0.00
   0.333   0.333   0.220        58    100000      2241     9.51   122.26     0.07     0.18     0.18     0.00
   0.333   0.333   0.222        34    100000      2249     9.51   122.11     0.07     0.18     0.18     0.00
   0.333   0.333   0.225        45    100000      2239     9.51   121.96     0.07     0.18     0.18     0.00
   0.333   0.333   0.227        49    100000      2257     9.53   121.81     0.07     0.18     0.18     0.00
   0.333   0.333   0.230        37    100000      2259     9.53   121.66     0.07     0.18     0.18     0.00
   0.333   0.333   0.233        49    100000      2247     9.53   121.51     0.07     0.18     0.18     0.00
   0.333   0.333   0.235        45    100000      2252     9.55   121.36     0.07     0.18     0.18     0.00
   0.333   0.333   0.237        48    100000      2239     9.55   121.21     0.07     0.18     0.18     0.00
   0.333   0.333   0.240        46    100000      2239     9.55   121.07     0.07     0.18     0.18     0.00
   0.333   0.333   0.242        33    100000      2251     9.57   120.92     0.07     0.18     0.18     0.00
   0.333   0.333   0.245        35    100000      2264     9.57   120.77     0.07     0.18     0.18     0.00
   0.333   0.333   0.247        38    100000      2240     9.57   120.62     0.07     0.18     0.18     0.00
   0.333   0.333   0.250        50    100000      2248     9.59   120.47     0.07     0.18     0.18     0.00
