   0.333   0.333  -0.200        58    100000      2257     9.45   149.16     0.08     1.19     1.20     2.20
   0.333   0.333  -0.198        60    100000      2246     9.45   148.99     0.08     1.19     1.20     2.20
   0.333   0.333  -0.195        46    100000      2244     9.45   148.83     0.08     1.19     1.20     2.20
   0.333   0.333  -0.193        39    100000      2252     9.43   148.68     0.08     1.19     1.20     2.20
   0.333   0.333  -0.190        36    100000      2244     9.43   148.52     0.08     1.19     1.20     2.20
   0.333   0.333  -0.188        33    100000      2234     9.43   148.36     0.08     1.20     1.20     2.20
   0.333   0.333  -0.185        46    100000      2245     9.43   148.20     0.08     1.20     1.20     2.20
   0.333   0.333  -0.183        46    100000      2237     9.41   148.04     0.08     1.20     1.20     2.20
   0.333   0.333  -0.180        45    100000      2246     9.41   147.88     0.08     1.20     1.20     2.20
   0.333   0.333  -0.178        50    100000      2242     9.41   147.72     0.08     1.20     1.20     2.20
   0.333   0.333  -0.175        40    100000      2239     9.41   147.56     0.08     1.20     1.20     2.20
   0.333   0.333  -0.172        60    100000      2239     9.39   147.40     0.08     1.20     1.20     2.20
   0.333   0.333  -0.170        30    100000      2239     9.39   147.24     0.08     1.20     1.20     2.20
   0.333   0.333  -0.168        48    100000      2237     9.39   147.08     0.08     1.20     1.20     2.20
   0.333   0.333  -0.165        55    100000      2238     9.39   146.92     0.08     1.20     1.20     2.20
   0.333   0.333  -0.163        54    100000      2255     9.37   146.76     0.08     1.20     1.20     2.20
   0.333   0.333  -0.160        64    100000      2258     9.37   146.60     0.08     1.20     1.20     2.20
   0.333   0.333  -0.157        60    100000      2239     9.37   146.44     0.08     1.20     1.20     2.20
   0.333   0.333  -0.155        86    100000      2237     9.37   146.28     0.08     1.20     1.20     2.20
   0.333   0.333  -0.153        85    100000      2234     9.35   146.12     0.08     1.20     1.20     2.20
   0.333   0.333  -0.150        84    100000      2243     9.35   145.96     0.08     1.20     1.20     2.20
   0.333   0.333  -0.148        68    100000      2243     9.35   145.80     0.08     1.20     1.20     2.20
   0.333   0.333  -0.145        53    100000      2227     9.35   145.64     0.08     1.20     1.20     2.20
   0.333   0.333  -0.143        45    100000      2244     9.35   145.48     0.08     1.20     1.20     2.20
   0.333   0.333  -0.140        42    100000      2227     9.33   145.32     0.08     1.20     1.20     2.20
   0.333   0.333  -0.138        44    100000      2244     9.33   145.15     0.08     1.20     1.20     2.20
   0.333   0.333  -0.135        44    100000      2236     9.33   144.99     0.08     1.20     1.20     2.20
   0.333   0.333  -0.133        51    100000      2244     9.33   144.83     0.08     1.20     1.20     2.20
   0.333   0.333  -0.130        46    100000      2245     9.33   144.67     0.08     1.20     1.20     2.20
   0.333   0.333  -0.127        29    100000      2253     9.31   144.51     0.08     1.20     1.20     2.20
   0.333   0.333  -0.125        49    100000      2227     9.31   144.35     0.08     1.20     1.20     2.20
   0.333   0.333  -0.123        55    100000      2235     9.31   144.18     0.08     1.20     1.20     2.20
   0.333   0.333  -0.120        48    100000      2238     9.31   144.02     0.08     1.20     1.20     2.20
   0.333   0.333  -0.118        49    100000      2251     9.31   143.86     0.08     1.20     1.20     2.20
   0.333   0.333  -0.115        43    100000      2245     9.29   143.70     0.08     1.20     1.20     2.20
   0.333   0.333  -0.113        53    100000      2253     9.29   143.54     0.08     1.20     1.20     2.20
   0.333   0.333  -0.110        32    100000      2246     9.29   143.37     0.08     1.20     1.20     2.20
   0.333   0.333  -0.108        47    100000      2260     9.29   143.21     0.08     1.20     1.20     2.20
   0.333   0.333  -0.105        44    100000      2243     9.29   143.05     0.08     1.20     1.20     2.20
   0.333   0.333  -0.103        47    100000      2250     9.29   142.89     0.08     1.20     1.20     2.20
   0.333   0.333  -0.100        35    100000      2240     9.27   142.72     0.08     1.20     1.20     2.20
   0.333   0.333  -0.098        52    100000      2240     9.27   142.56     0.08     1.20     1.20     2.20
   0.333   0.333  -0.095        41    100000      2239     9.27   142.40     0.08     1.20     1.20     2.20
   0.333   0.333  -0.093        51    100000      2251     9.27   142.24     0.08     1.20     1.20     2.20
   0.333   0.333  -0.090        48    100000      2253     9.27   142.07     0.08     1.20     1.20     2.20
   0.333   0.333  -0.088        37    100000      2244     9.27   141.91     0.08     1.20     1.20     2.20
   0.333   0.333  -0.085        46    100000      2239     9.27   141.75     0.08     1.20     1.20     2.20
   0.333   0.333  -0.083        55    100000      2229     9.27   141.58     0.08     1.20     1.20     2.20
   0.333   0.333  -0.080        45    100000      2239     9.25   141.42     0.08     1.20     1.20     2.20
   0.333   0.333  -0.078        39    100000      2234     9.25   141.26     0.08     1.20     1.20     2.20
   0.333   0.333  -0.075        55    100000      2251     9.25   141.09     0.08     1.20     1.20     2.20
   0.333   0.333  -0.073        50    100000      2244     9.25   140.93     0.08     1.20     1.20     2.20
   0.333   0.333  -0.070        44    100000      2239     9.25   140.77     0.08     1.20     1.20     2.20
   0.333   0.333  -0.068        31    100000      2235     9.25   140.60     0.08     1.20     1.20     2.20
   0.333   0.333  -0.065        41    100000      2230     9.25   140.44     0.08     1.20     1.20     2.20
   0.333   0.333  -0.062        44    100000      2235     9.25   140.28     0.08     1.20     1.20     2.20
   0.333   0.333  -0.060        35    100000      2232     9.25   140.11     0.08     1.20     1.20     2.20
   0.333   0.333  -0.058        49    100000      2243     9.23   139.95     0.08     1.20     1.20     2.20
   0.333   0.333  -0.055        44    100000      2239     9.23   139.79     0.08     1.20     1.20     2.20
   0.333   0.333  -0.053        47    100000      2238     9.23   139.62     0.08     1.20     1.20     2.20
   0.333   0.333  -0.050        33    100000      2250     9.23   139.46     0.08     1.20     1.20     2.20
   0.333   0.333  -0.047        43    100000      2247     9.23   139.30     0.08     1.20     1.20     2.20
   0.333   0.333  -0.045        44    100000      2227     9.23   139.13     0.08     1.20     1.20     2.20
   0.333   0.333  -0.043        45    100000      2251     9.23   138.97     0.08     1.20     1.20     2.20
   0.333   0.333  -0.040        43    100000      2238     9.23   138.81     0.08     1.20     1.20     2.20
   0.333   0.333  -0.038        42    100000      2249     9.23   138.64     0.08     1.20     1.20     2.20
   0.333   0.333  -0.035        63    100000      2253     9.23   138.48     0.08     1.20     1.20     2.20
   0.333   0.333  -0.033        46    100000      2241     9.23   138.32     0.08     1.20     1.20     2.20
   0.333   0.333  -0.030        43    100000      2235     9.23   138.15     0.08     1.20     1.20     2.20
   0.333   0.333  -0.028        45    100000      2240     9.23   137.99     0.08     1.20     1.20     2.20
   0.333   0.333  -0.025        40    100000      2233     9.23   137.83     0.08     1.20     1.20     2.20
   0.333   0.333  -0.023        44    100000      2234     9.23   137.66     0.08     1.20     1.20     2.20
   0.333   0.333  -0.020        38    100000      2234     9.23   137.50     0.08     1.20     1.20     2.20
   0.333   0.333  -0.018        33    100000      2248     9.23   137.34     0.08     1.20     1.20     2.20
   0.333   0.333  -0.015        34    100000      2245     9.23   137.17     0.08     1.20     1.20     2.20
   0.333   0.333  -0.013        46    100000      2242     9.23   137.01     0.08     1.20     1.20     2.20
   0.333   0.333  -0.010        32    100000      2233     9.23   136.85     0.08     1.20     1.20     2.20
   0.333   0.333  -0.008        46    100000      2255     9.21   136.68     0.08     1.20     1.20     2.20
   0.333   0.333  -0.005        39    100000      2231     9.21   136.52     0.08     1.20     1.20     2.20
   0.333   0.333  -0.003        45    100000      2249     9.21   136.36     0.08     1.20     1.20     2.20
   0.333   0.333  -0.000        35    100000      2248     9.21   136.19     0.08     1.20     1.20     2.20
   0.333   0.333   0.002        54    100000      2253     9.21   136.03     0.08     1.20     1.20     2.20
   0.333   0.333   0.005        39    100000      2252     9.21   135.87     0.08     1.20     1.20     2.20
   0.333   0.333   0.007        43    100000      2238     9.21   135.70     0.08     1.20     1.20     2.20
   0.333   0.333   0.010        47    100000      2254     9.21   135.54     0.08     1.20     1.20     2.20
   0.333   0.333   0.012        44    100000      2243     9.21   135.38     0.08     1.20     1.20     2.20
   0.333   0.333   0.015        52    100000      2236     9.21   135.21     0.08     1.20     1.20     2.20
   0.333   0.333   0.017        50    100000      2231     9.21   135.05     0.08     1.20     1.20     2.20
   0.333   0.333   0.020        36    100000      2248     9.21   134.89     0.08     1.20     1.20     2.20
   0.333   0.333   0.022        43    100000      2252     9.22   134.72     0.08     1.20     1.20     2.20
   0.333   0.333   0.025        38    100000      2238     9.22   134.56     0.08     1.20     1.20     2.20
   0.333   0.333   0.027        48    100000      2248     9.22   134.40     0.08     1.20     1.20     2.20
   0.333   0.333   0.030        46    100000      2242     9.22   134.24     0.08     1.20     1.20     2.20
   0.333   0.333   0.032        45    100000      2243     9.22   134.07     0.08     1.20     1.20     2.20
   0.333   0.333   0.035        46    100000      2245     9.22   133.91     0.08     1.20     1.20     2.20
   0.333   0.333   0.037        39    100000      2236     9.22   133.75     0.08     1.20     1.20     2.20
   0.333   0.333   0.040        35    100000      2244     9.22   133.59     0.08     1.20     1.20     2.20
   0.333   0.333   0.042        50    100000      2249     9.22   133.42     0.08     1.20     1.20     2.20
   0.333   0.333   0.045        48    100000      2241     9.22   133.26     0.08     1.20     1.20     2.20
   0.333   0.333   0.047        53    100000      2253     9.24   133.10     0.08     1.20     1.20     2.20
   0.333   0.333   0.050        46    100000      2241     9.24   132.94     0.08     1.20     1.20     2.20
   0.333   0.333   0.052        45    100000      2235     9.24   132.78     0.08     1.20     1.20     2.20
   0.333   0.333   0.055        44    100000      2232     9.24   132.61     0.08     1.20     1.20     2.20
   0.333   0.333   0.057        38    100000      2249     9.24   132.45     0.08     1.20     1.20     2.20
   0.333   0.333   0.060        38    100000      2227     9.24   132.29     0.08     1.20     1.20     2.20
   0.333   0.333   0.062        49    100000      2257     9.24   132.13     0.08     1.20     1.20     2.20
   0.333   0.333   0.065        48    100000      2250     9.24   131.97     0.08     1.20     1.20     2.20
   0.333   0.333   0.067        45    100000      2249     9.24   131.81     0.08     1.20     1.20     2.20
   0.333   0.333   0.070        46    100000      2247     9.24   131.65     0.08     1.20     1.20     2.20
   0.333   0.333   0.073        57    100000      2235     9.24   131.48     0.08     1.20     1.20     2.20
   0.333   0.333   0.075        41    100000      2254     9.26   131.32     0.08     1.20     1.20     2.20
   0.333   0.333   0.078        42    100000      2249     9.26   131.16     0.08     1.20     1.20     2.20
   0.333   0.333   0.080        35    100000      2240     9.26   131.00     0.08     1.20     1.20     2.20
   0.333   0.333   0.082        39    100000      2240     9.26   130.84     0.08     1.20     1.20     2.20
   0.333   0.333   0.085        59    100000      2235     9.26   130.68     0.08     1.20     1.20     2.20
   0.333   0.333   0.087        35    100000      2227     9.26   130.52     0.08     1.20     1.20     2.20
   0.333   0.333   0.090        37    100000      2233     9.26   130.36     0.08     1.20     1.20     2.20
   0.333   0.333   0.092        60    100000      2232     9.26   130.20     0.08     1.20     1.20     2.20
   0.333   0.333   0.095        51    100000      2253     9.28   130.04     0.08     1.20     1.20     2.20
   0.333   0.333   0.097        41    100000      2235     9.28   129.88     0.08     1.20     1.20     2.20
   0.333   0.333   0.100        41    100000      2236     9.28   129.72     0.08     1.20     1.20     2.20
   0.333   0.333   0.102        49    100000      2245     9.28   129.56     0.08     1.20     1.20     2.20
   0.333   0.333   0.105        38    100000      2239     9.28   129.40     0.08     1.20     1.20     2.20
   0.333   0.333   0.108        40    100000      2240     9.28   129.24     0.08     1.20     1.20     2.20
   0.333   0.333   0.110        50    100000      2236     9.28   129.08     0.08     1.20     1.20     2.20
   0.333   0.333   0.112        31    100000      2241     9.30   128.92     0.08     1.20     1.20     2.20
   0.333   0.333   0.115        39    100000      2242     9.30   128.77     0.08     1.20     1.20     2.20
   0.333   0.333   0.117        45    100000      2229     9.30   128.61     0.08     1.20     1.20     2.20
   0.333   0.333   0.120        47    100000      2244     9.30   128.45     0.08     1.20     1.20     2.20
   0.333   0.333   0.122        41    100000      2245     9.30   128.29     0.08     1.20     1.20     2.20
   0.333   0.333   0.125        41    100000      2239     9.32   128.13     0.08     1.20     1.20     2.20
   0.333   0.333   0.127        45    100000      2234     9.32   127.97     0.08     1.20     1.20     2.20
   0.333   0.333   0.130        39    100000      2220     9.32   127.82     0.08     1.20     1.20     2.20
   0.333   0.333   0.132        39    100000      2236     9.32   127.66     0.08     1.20     1.20     2.20
   0.333   0.333   0.135        61    100000      2249     9.32   127.50     0.08     1.20     1.20     2.20
   0.333   0.333   0.138        55    100000      2249     9.34   127.34     0.08     1.20     1.20     2.20
   0.333   0.333   0.140        58    100000      2241     9.34   127.19     0.08     1.20     1.20     2.20
   0.333   0.333   0.142        68    100000      2245     9.34   127.03     0.08     1.20     1.20     2.20
   0.333   0.333   0.145        93    100000      2247     9.34   126.87     0.08     1.20     1.20     2.20
   0.333   0.333   0.147        89    100000      2244     9.34   126.72     0.08     1.20     1.20     2.20
   0.333   0.333   0.150        69    100000      2244     9.36   126.56     0.08     1.20     1.20     2.20
   0.333   0.333   0.152        54    100000      2223     9.36   126.40     0.08     1.20     1.20     2.20
   0.333   0.333   0.155        54    100000      2221     9.36   126.25     0.08     1.20     1.20     2.20
   0.333   0.333   0.157        42    100000      2240     9.36   126.09     0.08     1.20     1.20     2.20
   0.333   0.333   0.160        49    100000      2235     9.36   125.93     0.08     1.20     1.20     2.20
   0.333   0.333   0.162        40    100000      2247     9.38   125.78     0.08     1.20     1.20     2.20
   0.333   0.333   0.165        42    100000      2229     9.38   125.62     0.08     1.20     1.20     2.20
   0.333   0.333   0.167        38    100000      2237     9.38   125.47     0.08     1.20     1.20     2.20
   0.333   0.333   0.170        50    100000      2222     9.38   125.31     0.08     1.20     1.20     2.20
   0.333   0.333   0.172        39    100000      2235     9.40   125.16     0.08     1.20     1.20     2.20
   0.333   0.333   0.175        49    100000      2257     9.40   125.00     0.08     1.20     1.20     2.20
   0.333   0.333   0.177        52    100000      2238     9.40   124.85     0.08     1.20     1.20     2.20
   0.333   0.333   0.180        53    100000      2238     9.40   124.70     0.08     1.20     1.20     2.20
   0.333   0.333   0.182        45    100000      2257     9.42   124.54     0.08     1.20     1.20     2.20
   0.333   0.333   0.185        32    100000      2231     9.42   124.39     0.08     1.20     1.20     2.20
   0.333   0.333   0.187        39    100000      2248     9.42   124.24     0.08     1.20     1.20     2.20
   0.333   0.333   0.190        47    100000      2243     9.44   124.08     0.08     1.20     1.20     2.20
   0.333   0.333   0.192        47    100000      2243     9.44   123.93     0.08     1.20     1.20     2.20
   0.333   0.333   0.195        42    100000      2240     9.44   123.78     0.08     1.20     1.20     2.20
   0.333   0.333   0.197        35    100000      2248     9.44   123.62     0.08     1.20     1.20     2.20
   0.333   0.333   0.200        43    100000      2238     9.46   123.47     0.08     1.20     1.20     2.20
   0.333   0.333   0.203        61    100000      2233     9.46   123.32     0.08     1.20     1.20     2.20
   0.333   0.333   0.205        36    100000      2247     9.46   123.17     0.08     1.20     1.20     2.20
   0.333   0.333   0.207        40    100000      2248     9.48   123.02     0.08     1.20     1.20     2.20
   0.333   0.333   0.210        45    100000      2252     9.48   122.86     0.08     1.20     1.20     2.20
   0.333   0.333   0.212        43    100000      2254     9.48   122.71     0.08     1.21     1.20     2.20
   0.333   0.333   0.215        41    100000      2233     9.50   122.56     0.08     1.21     1.20     2.20
   0.333   0.333   0.217        34    100000      2240     9.50   122.41     0.08     1.20     1.20     2.20
   0.333   0.333   0.220        48    100000      2231     9.50   122.26     0.08     1.20     1.20     2.20
   0.333   0.333   0.222        46    100000      2233     9.50   122.11     0.08     1.20     1.20     2.20
   0.333   0.333   0.225        43    100000      2244     9.52   121.96     0.08     1.20     1.20     2.20
   0.333   0.333   0.227        44    100000      2254     9.52   121.81     0.08     1.20     1.20     2.20
   0.333   0.333   0.230        38    100000      2241     9.52   121.66     0.08     1.20     1.20     2.20
   0.333   0.333   0.233        34    100000      2238     9.54   121.51     0.08     1.20     1.20     2.20
   0.333   0.333   0.235        45    100000      2245     9.54   121.36     0.08     1.20     1.20     2.20
   0.333   0.333   0.237        31    100000      2259     9.54   121.21     0.08     1.20     1.20     2.20
   0.333   0.333   0.240        47    100000      2240     9.56   121.07     0.08     1.20     1.20     2.20
   0.333   0.333   0.242        42    100000      2234     9.56   120.92     0.08     1.21     1.20     2.20
   0.333   0.333   0.245        50    100000      2244     9.58   120.77     0.08     1.20     1.20     2.20
   0.333   0.333   0.247        48    100000      2236     9.58   120.62     0.08     1.20     1.20     2.20
   0.333   0.333   0.250        38    100000      2237     9.58   120.47     0.08     1.20     1.20     2.20
   0.333   0.333   0.252        36    100000      2245     9.60   120.33     0.08     1.20     1.20     2.20
   0.333   0.333   0.255        52    100000      2242     9.60   120.18     0.08     1.20     1.20     2.20
   0.333   0.333   0.257        40    100000      2234     9.60   120.03     0.08     1.20     1.20     2.20
   0.333   0.333   0.260        36    100000      2236     9.62   119.89     0.08     1.20     1.20     2.20
   0.333   0.333   0.262        50    100000      2245     9.62   119.74     0.08     1.20     1.20     2.20
   0.333   0.333   0.265        50    100000      2243     9.62   119.59     0.08     1.20     1.20     2.20
   0.333   0.333   0.267        30    100000      2243     9.64   119.45     0.08     1.20     1.20     2.20
   0.333   0.333   0.270        53    100000      2233     9.64   119.30     0.08     1.20     1.20     2.20
   0.333   0.333   0.272        49    100000      2242     9.66   119.16     0.08     1.20     1.20     2.20
   0.333   0.333   0.275        40    100000      2227     9.66   119.01     0.08     1.20     1.20     2.20
   0.333   0.333   0.277        46    100000      2246     9.66   118.87     0.08     1.20     1.20     2.20
   0.333   0.333   0.280        32    100000      2234     9.68   118.72     0.08     1.20     1.20     2.20
   0.333   0.333   0.282        45    100000      2238     9.68   118.58     0.08     1.20     1.20     2.20
   0.333   0.333   0.285        45    100000      2241     9.70   118.44     0.08     1.20     1.20     2.20
   0.333   0.333   0.287        43    100000      2234     9.70   118.29     0.08     1.20     1.20     2.20
   0.333   0.333   0.290        41    100000      2249     9.70   118.15     0.08     1.20     1.20     2.20
   0.333   0.333   0.292        37    100000      2249     9.72   118.01     0.08     1.20     1.20     2.20
   0.333   0.333   0.295        43    100000      2241     9.72   117.86     0.08     1.20     1.20     2.20
   0.333   0.333   0.298        49    100000      2251     9.74   117.72     0.08     1.20     1.20     2.20
   0.333   0.333   0.300        31    100000      2243     9.74   117.58     0.08     1.20     1.20     2.20
   0.333   0.333   0.303        33    100000      2252     9.76   117.44     0.08     1.20     1.20     2.20
   0.333   0.333   0.305        45    100000      2249     9.76   117.30     0.08     1.20     1.20     2.20
   0.333   0.333   0.308        37    100000      2241     9.76   117.16     0.08     1.20     1.20     2.20
   0.333   0.333   0.310        35    100000      2245     9.78   117.02     0.08     1.20     1.20     2.20
   0.333   0.333   0.312        48    100000      2251     9.78   116.87     0.08     1.20     1.20     2.20
   0.333   0.333   0.315        42    100000      2248     9.80   116.73     0.08     1.20     1.20     2.20
   0.333   0.333   0.317        46    100000      2246     9.80   116.59     0.08     1.20     1.20     2.20
   0.333   0.333   0.320        35    100000      2239     9.82   116.45     0.08     1.20     1.20     2.20
   0.333   0.333   0.322        52    100000      2245     9.82   116.32     0.08     1.20     1.20     2.20
   0.333   0.333   0.325        37    100000      2256     9.84   116.18     0.08     1.20     1.20     2.20
   0.333   0.333   0.327        46    100000      2243     9.84   116.04     0.08     1.20     1.20     2.20
   0.333   0.333   0.330        38    100000      2240     9.84   115.90     0.08     1.20     1.20     2.20
   0.333   0.333   0.332        36    100000      2244     9.86   115.76     0.08     1.20     1.20     2.20
   0.333   0.333   0.335        36    100000      2256     9.86   115.62     0.08     1.20     1.20     2.20
   0.333   0.333   0.337        46    100000      2239     9.88   115.48     0.08     1.20     1.20     2.20
   0.333   0.333   0.340        37    100000      2238     9.88   115.35     0.08     1.20     1.20     2.20
   0.333   0.333   0.342        42    100000      2247     9.90   115.21     0.08     1.20     1.20     2.20
   0.333   0.333   0.345        45    100000      2237     9.90   115.07     0.08     1.20     1.20     2.20
   0.333   0.333   0.348        42    100000      2247     9.92   114.94     0.08     1.20     1.20     2.20
   0.333   0.333   0.350        46    100000      2246     9.92   114.80     0.08     1.20     1.20     2.20
   0.333   0.333   0.353        47    100000      2247     9.94   114.67     0.08     1.20     1.20     2.20
   0.333   0.333   0.355        40    100000      2232     9.94   114.53     0.08     1.20     1.20     2.20
   0.333   0.333   0.358        48    100000      2249     9.96   114.39     0.08     1.20     1.20     2.20
   0.333   0.333   0.360        42    100000      2250     9.96   114.26     0.08     1.20     1.20     2.20
   0.333   0.333   0.363        49    100000      2232     9.98   114.13     0.08     1.20     1.20     2.20
   0.333   0.333   0.365        51    100000      2246     9.98   113.99     0.08     1.20     1.20     2.20
   0.333   0.333   0.368        36    100000      2247    10.00   113.86     0.08     1.20     1.20     2.20
   0.333   0.333   0.370        35    100000      2249    10.00   113.72     0.08     1.20     1.20     2.20
   0.333   0.333   0.373        34    100000      2259    10.02   113.59     0.08     1.20     1.20     2.20
   0.333   0.333   0.375        45    100000      2238    10.02   113.46     0.08     1.20     1.20     2.20
   0.333   0.333   0.377        51    100000      2240    10.04   113.32     0.08     1.20     1.20     2.20
   0.333   0.333   0.380        39    100000      2241    10.04   113.19     0.08     1.20     1.20     2.20
   0.333   0.333   0.382        47    100000      2242    10.06   113.06     0.08     1.20     1.20     2.20
   0.333   0.333   0.385        39    100000      2249    10.06   112.93     0.08     1.20     1.20     2.20
   0.333   0.333   0.387        43    100000      2243    10.08   112.80     0.08     1.20     1.20     2.20
   0.333   0.333   0.390        42    100000      2257    10.08   112.67     0.08     1.20     1.20     2.20
   0.333   0.333   0.392        57    100000      2242    10.10   112.53     0.08     1.20     1.20     2.20
   0.333   0.333   0.395        38    100000      2257    10.12   112.40     0.08     1.20     1.20     2.20
   0.333   0.333   0.397        40    100000      2236    10.12   112.27     0.08     1.20     1.20     2.20
   0.333   0.333   0.400        38    100000      2245    10.14   112.14     0.08     1.20     1.20     2.20
   0.333   0.333   0.402        35    100000      2235    10.14   112.01     0.08     1.20     1.20     2.20
   0.333   0.333   0.405        39    100000      2232    10.16   111.89     0.08     1.20     1.20     2.20
   0.333   0.333   0.407        37    100000      2253    10.16   111.76     0.08     1.20     1.20     2.20
   0.333   0.333   0.410        45    100000      2225    10.18   111.63     0.08     1.20     1.20     2.20
   0.333   0.333   0.413        39    100000      2247    10.18   111.50     0.08     1.20     1.20     2.20
   0.333   0.333   0.415        45    100000      2236    10.20   111.37     0.08     1.20     1.20     2.20
   0.333   0.333   0.418        51    100000      2239    10.22   111.24     0.08     1.20     1.20     2.20
   0.333   0.333   0.420        54    100000      2242    10.22   111.12     0.08     1.20     1.20     2.20
   0.333   0.333   0.423        35    100000      2239    10.24   110.99     0.08     1.20     1.20     2.20
   0.333   0.333   0.425        44    100000      2248    10.24   110.86     0.08     1.20     1.20     2.20
   0.333   0.333   0.428        36    100000      2240    10.26   110.74     0.08     1.20     1.20     2.20
   0.333   0.333   0.430        37    100000      2238    10.26   110.61     0.08     1.20     1.20     2.20
   0.333   0.333   0.433        39    100000      2237    10.28   110.49     0.08     1.20     1.20     2.20
   0.333   0.333   0.435        45    100000      2248    10.30   110.36     0.08     1.20     1.20     2.20
   0.333   0.333   0.438        33    100000      2248    10.30   110.24     0.08     1.20     1.20     2.20
   0.333   0.333   0.440        49    100000      2241    10.32   110.11     0.08     1.20     1.20     2.20
   0.333   0.333   0.442        41    100000      2243    10.32   109.99     0.08     1.20     1.20     2.20
   0.333   0.333   0.445        39    100000      2252    10.34   109.86     0.08     1.20     1.20     2.20
   0.333   0.333   0.447        40    100000      2248    10.34   109.74     0.08     1.20     1.20     2.20
   0.333   0.333   0.450        43    100000      2251    10.37   109.61     0.08     1.20     1.20     2.20
   0.333   0.333   0.452        35    100000      2236    10.37   109.49     0.08     1.20     1.20     2.20
   0.333   0.333   0.455        41    100000      2238    10.39   109.37     0.08     1.20     1.20     2.20
   0.333   0.333   0.457        46    100000      2245    10.39   109.25     0.08     1.20     1.20     2.20
   0.333   0.333   0.460        39    100000      2238    10.42   109.12     0.08     1.20     1.20     2.20
   0.333   0.333   0.462        36    100000      2242    10.42   109.00     0.08     1.20     1.20     2.20
   0.333   0.333   0.465        35    100000      2233    10.44   108.88     0.08     1.20     1.20     2.20
   0.333   0.333   0.467        34    100000      2245    10.44   108.76     0.08     1.20     1.20     2.20
   0.333   0.333   0.470        43    100000      2236    10.46   108.64     0.08     1.20     1.20     2.20
   0.333   0.333   0.473        39    100000      2246    10.48   108.52     0.08     1.20     1.20     2.20
   0.333   0.333   0.475        38    100000      2250    10.48   108.40     0.08     1.20     1.20     2.20
   0.333   0.333   0.478        28    100000      2246    10.50   108.28     0.08     1.20     1.20     2.20
   0.333   0.333   0.480        36    100000      2235    10.50   108.16     0.08     1.20     1.20     2.20
   0.333   0.333   0.483        32    100000      2242    10.53   108.04     0.08     1.20     1.20     2.20
   0.333   0.333   0.485        50    100000      2236    10.53   107.92     0.08     1.20     1.20     2.20
   0.333   0.333   0.488        43    100000      2249    10.55   107.80     0.08     1.20     1.20     2.20
   0.333   0.333   0.490        43    100000      2256    10.57   107.68     0.08     1.20     1.20     2.20
   0.333   0.333   0.493        35    100000      2243    10.57   107.57     0.08     1.20     1.20     2.20
   0.333   0.333   0.495        34    100000      2238    10.59   107.45     0.08     1.20     1.20     2.20
   0.333   0.333   0.498        29    100000      2244    10.59   107.33     0.08     1.20     1.20     2.20
   0.333   0.333   0.500        43    100000      2245    10.62   107.22     0.08     1.20     1.20     2.20
