   0.333   0.333  -0.200        37    100000      2251     9.45   149.16     0.08     0.58     0.60     1.90
   0.333   0.333  -0.198        57    100000      2237     9.45   148.99     0.08     0.58     0.60     1.90
   0.333   0.333  -0.195        39    100000      2240     9.45   148.83     0.08     0.57     0.60     1.90
   0.333   0.333  -0.193        45    100000      2243     9.43   148.68     0.08     0.57     0.60     1.90
   0.333   0.333  -0.190        50    100000      2251     9.43   148.52     0.08     0.57     0.60     1.90
   0.333   0.333  -0.188        37    100000      2245     9.43   148.36     0.08     0.57     0.60     1.90
   0.333   0.333  -0.185        42    100000      2240     9.43   148.20     0.08     0.57     0.60     1.90
   0.333   0.333  -0.183        62    100000      2244     9.41   148.04     0.08     0.57     0.60     1.90
   0.333   0.333  -0.180        46    100000      2236     9.41   147.88     0.08     0.57     0.60     1.90
   0.333   0.333  -0.178        52    100000      2246     9.41   147.72     0.08     0.57     0.60     1.90
   0.333   0.333  -0.175        55    100000      2236     9.41   147.56     0.08     0.57     0.60     1.90
   0.333   0.333  -0.172        62    100000      2245     9.39   147.40     0.08     0.57     0.60     1.90
   0.333   0.333  -0.170        80    100000      2248     9.39   147.24     0.08     0.57     0.60     1.90
   0.333   0.333  -0.168        63    100000      2247     9.39   147.08     0.08     0.57     0.60     1.90
   0.333   0.333  -0.165        57    100000      2244     9.39   146.92     0.08     0.57     0.60     1.90
   0.333   0.333  -0.163        62    100000      2234     9.37   146.76     0.08     0.57     0.60     1.90
   0.333   0.333  -0.160        58    100000      2244     9.37   146.60     0.08     0.57     0.60     1.90
   0.333   0.333  -0.157        52    100000      2244     9.37   146.44     0.08     0.57     0.60     1.90
   0.333   0.333  -0.155        60    100000      2245     9.37   146.29     0.08     0.57     0.60     1.90
   0.333   0.333  -0.153        53    100000      2229     9.35   146.12     0.08     0.57     0.60     1.90
   0.333   0.333  -0.150        46    100000      2238     9.35   145.96     0.08     0.57     0.60     1.90
   0.333   0.333  -0.148        50    100000      2233     9.35   145.80     0.08     0.57     0.60     1.90
   0.333   0.333  -0.145        43    100000      2245     9.35   145.64     0.08     0.57     0.60     1.90
   0.333   0.333  -0.143        57    100000      2248     9.35   145.48     0.08     0.58     0.60     1.90
   0.333   0.333  -0.140        60    100000      2242     9.33   145.32     0.08     0.58     0.60     1.90
   0.333   0.333  -0.138        62    100000      2244     9.33   145.15     0.08     0.58     0.60     1.90
   0.333   0.333  -0.135        51    100000      2241     9.33   144.99     0.08     0.58     0.60     1.90
   0.333   0.333  -0.133        47    100000      2233     9.33   144.83     0.08     0.58     0.60     1.90
   0.333   0.333  -0.130        49    100000      2255     9.33   144.67     0.08     0.58     0.60     1.90
   0.333   0.333  -0.127        55    100000      2229     9.31   144.51     0.08     0.58     0.60     1.90
   0.333   0.333  -0.125        52    100000      2223     9.31   144.35     0.08     0.58     0.60     1.90
   0.333   0.333  -0.123        49    100000      2232     9.31   144.18     0.08     0.58     0.60     1.90
   0.333   0.333  -0.120        55    100000      2246     9.31   144.02     0.08     0.59     0.60     1.90
   0.333   0.333  -0.118        44    100000      2231     9.31   143.86     0.08     0.59     0.60     1.90
   0.333   0.333  -0.115        39    100000      2248     9.29   143.70     0.08     0.59     0.60     1.90
   0.333   0.333  -0.113        54    100000      2252     9.29   143.54     0.08     0.59     0.60     1.90
   0.333   0.333  -0.110        66    100000      2241     9.29   143.37     0.08     0.59     0.60     1.90
   0.333   0.333  -0.108        50    100000      2249     9.29   143.21     0.08     0.59     0.60     1.90
   0.333   0.333  -0.105        53    100000      2248     9.29   143.05     0.08     0.59     0.60     1.90
   0.333   0.333  -0.103        44    100000      2236     9.29   142.89     0.08     0.59     0.60     1.90
   0.333   0.333  -0.100        58    100000      2241     9.27   142.72     0.08     0.60     0.60     1.90
   0.333   0.333  -0.098        55    100000      2245     9.27   142.56     0.08     0.60     0.60     1.90
   0.333   0.333  -0.095        72    100000      2248     9.27   142.40     0.08     0.60     0.60     1.90
   0.333   0.333  -0.093        78    100000      2241     9.27   142.24     0.08     0.60     0.60     1.90
   0.333   0.333  -0.090        76    100000      2239     9.27   142.07     0.08     0.60     0.60     1.90
   0.333   0.333  -0.088        93    100000      2253     9.27   141.91     0.08     0.60     0.60     1.90
   0.333   0.333  -0.085        93    100000      2248     9.27   141.75     0.08     0.60     0.60     1.90
   0.333   0.333  -0.083        64    100000      2238     9.27   141.58     0.08     0.60     0.60     1.90
   0.333   0.333  -0.080        73    100000      2233     9.25   141.42     0.08     0.60     0.60     1.90
   0.333   0.333  -0.078        49    100000      2254     9.25   141.26     0.08     0.60     0.60     1.90
   0.333   0.333  -0.075        46    100000      2232     9.25   141.09     0.08     0.61     0.60     1.90
   0.333   0.333  -0.073        53    100000      2242     9.25   140.93     0.08     0.61     0.60     1.90
   0.333   0.333  -0.070        54    100000      2248     9.25   140.77     0.08     0.61     0.60     1.90
   0.333   0.333  -0.068        51    100000      2242     9.25   140.60     0.08     0.61     0.60     1.90
   0.333   0.333  -0.065        51    100000      2236     9.25   140.44     0.08     0.61     0.60     1.90
   0.333   0.333  -0.062        43    100000      2241     9.25   140.28     0.08     0.61     0.60     1.90
   0.333   0.333  -0.060        55    100000      2244     9.25   140.11     0.08     0.61     0.60     1.90
   0.333   0.333  -0.058        36    100000      2231     9.23   139.95     0.08     0.61     0.60     1.90
   0.333   0.333  -0.055        56    100000      2246     9.23   139.79     0.08     0.61     0.60     1.90
   0.333   0.333  -0.053        42    100000      2242     9.23   139.62     0.08     0.61     0.60     1.90
   0.333   0.333  -0.050        49    100000      2243     9.23   139.46     0.08     0.61     0.60     1.90
   0.333   0.333  -0.047        43    100000      2249     9.23   139.30     0.08     0.61     0.60     1.90
   0.333   0.333  -0.045        51    100000      2254     9.23   139.13     0.08     0.61     0.60     1.90
   0.333   0.333  -0.043        44    100000      2254     9.23   138.97     0.08     0.61     0.60     1.90
   0.333   0.333  -0.040        42    100000      2242     9.23   138.81     0.08     0.61     0.60     1.90
   0.333   0.333  -0.038        51    100000      2242     9.23   138.64     0.08     0.61     0.60     1.90
   0.333   0.333  -0.035        29    100000      2240     9.23   138.48     0.08     0.61     0.60     1.90
   0.333   0.333  -0.033        37    100000      2231     9.23   138.32     0.08     0.61     0.60     1.90
   0.333   0.333  -0.030        47    100000      2251     9.23   138.15     0.08     0.61     0.60     1.90
   0.333   0.333  -0.028        41    100000      2248     9.23   137.99     0.08     0.61     0.60     1.90
   0.333   0.333  -0.025        36    100000      2246     9.23   137.83     0.08     0.61     0.60     1.90
   0.333   0.333  -0.023        40    100000      2240     9.23   137.66     0.08     0.61     0.60     1.90
   0.333   0.333  -0.020        43    100000      2249     9.23   137.50     0.08     0.61     0.60     1.90
   0.333   0.333  -0.018        41    100000      2243     9.23   137.34     0.08     0.61     0.60     1.90
   0.333   0.333  -0.015        43    100000      2236     9.23   137.17     0.08     0.61     0.60     1.90
   0.333   0.333  -0.013        42    100000      2241     9.23   137.01     0.08     0.61     0.60     1.90
   0.333   0.333  -0.010        41    100000      2259     9.23   136.85     0.08     0.61     0.60     1.90
   0.333   0.333  -0.008        49    100000      2226     9.21   136.68     0.08     0.61     0.60     1.90
   0.333   0.333  -0.005        49    100000      2237     9.21   136.52     0.08     0.61     0.60     1.90
   0.333   0.333  -0.003        39    100000      2256     9.21   136.36     0.08     0.61     0.60     1.90
   0.333   0.333  -0.000        34    100000      2255     9.21   136.19     0.08     0.61     0.60     1.90
   0.333   0.333   0.002        40    100000      2238     9.21   136.03     0.08     0.61     0.60     1.90
   0.333   0.333   0.005        48    100000      2250     9.21   135.87     0.08     0.61     0.60     1.90
   0.333   0.333   0.007        50    100000      2236     9.21   135.70     0.08     0.61     0.60     1.90
   0.333   0.333   0.010        46    100000      2254     9.21   135.54     0.08     0.61     0.60     1.90
   0.333   0.333   0.012        50    100000      2242     9.21   135.38     0.08     0.61     0.60     1.90
   0.333   0.333   0.015        46    100000      2241     9.21   135.21     0.08     0.61     0.60     1.90
   0.333   0.333   0.017        40    100000      2245     9.21   135.05     0.08     0.61     0.60     1.90
   0.333   0.333   0.020        39    100000      2253     9.21   134.89     0.08     0.61     0.60     1.90
   0.333   0.333   0.022        39    100000      2255     9.22   134.72     0.08     0.61     0.60     1.90
   0.333   0.333   0.025        54    100000      2235     9.22   134.56     0.08     0.61     0.60     1.90
   0.333   0.333   0.027        47    100000      2240     9.22   134.40     0.08     0.61     0.60     1.90
   0.333   0.333   0.030        48    100000      2233     9.22   134.24     0.08     0.61     0.60     1.90
   0.333   0.333   0.032        43    100000      2248     9.22   134.07     0.08     0.61     0.60     1.90
   0.333   0.333   0.035        47    100000      2247     9.22   133.91     0.08     0.61     0.60     1.90
   0.333   0.333   0.037        44    100000      2247     9.22   133.75     0.08     0.60     0.60     1.90
   0.333   0.333   0.040        45    100000      2236     9.22   133.59     0.08     0.60     0.60     1.90
   0.333   0.333   0.042        51    100000      2237     9.22   133.42     0.08     0.60     0.60     1.90
   0.333   0.333   0.045        48    100000      2247     9.22   133.26     0.08     0.60     0.60     1.90
   0.333   0.333   0.047        40    100000      2233     9.24   133.10     0.08     0.60     0.60     1.90
   0.333   0.333   0.050        40    100000      2245     9.24   132.94     0.08     0.60     0.60     1.90
   0.333   0.333   0.052        52    100000      2237     9.24   132.78     0.08     0.60     0.60     1.90
   0.333   0.333   0.055        37    100000      2244     9.24   132.61     0.08     0.60     0.60     1.90
   0.333   0.333   0.057        50    100000      2228     9.24   132.45     0.08     0.60     0.60     1.90
   0.333   0.333   0.060        45    100000      2245     9.24   132.29     0.08     0.60     0.60     1.90
   0.333   0.333   0.062        40    100000      2240     9.24   132.13     0.08     0.60     0.60     1.90
   0.333   0.333   0.065        45    100000      2246     9.24   131.97     0.08     0.60     0.60     1.90
   0.333   0.333   0.067        57    100000      2245     9.24   131.81     0.08     0.60     0.60     1.90
   0.333   0.333   0.070        66    100000      2236     9.24   131.65     0.08     0.60     0.60     1.90
   0.333   0.333   0.073        55    100000      2239     9.24   131.48     0.08     0.60     0.60     1.90
   0.333   0.333   0.075        67    100000      2246     9.26   131.32     0.08     0.60     0.60     1.90
   0.333   0.333   0.078        72    100000      2259     9.26   131.16     0.08     0.60     0.60     1.90
   0.333   0.333   0.080       109    100000      2239     9.26   131.00     0.08     0.60     0.60     1.90
   0.333   0.333   0.082        96    100000      2244     9.26   130.84     0.08     0.60     0.60     1.90
   0.333   0.333   0.085        84    100000      2242     9.26   130.68     0.08     0.60     0.60     1.90
   0.333   0.333   0.087        68    100000      2239     9.26   130.52     0.08     0.60     0.60     1.90
   0.333   0.333   0.090        54    100000      2239     9.26   130.36     0.08     0.60     0.60     1.90
   0.333   0.333   0.092        73    100000      2244     9.26   130.20     0.08     0.60     0.60     1.90
   0.333   0.333   0.095        51    100000      2248     9.28   130.04     0.08     0.59     0.60     1.90
   0.333   0.333   0.097        50    100000      2243     9.28   129.88     0.08     0.59     0.60     1.90
   0.333   0.333   0.100        43    100000      2234     9.28   129.72     0.08     0.59     0.60     1.90
   0.333   0.333   0.102        60    100000      2234     9.28   129.56     0.08     0.59     0.60     1.90
   0.333   0.333   0.105        62    100000      2237     9.28   129.40     0.08     0.59     0.60     1.90
   0.333   0.333   0.108        60    100000      2242     9.28   129.24     0.08     0.59     0.60     1.90
   0.333   0.333   0.110        55    100000      2238     9.28   129.08     0.08     0.59     0.60     1.90
   0.333   0.333   0.112        42    100000      2242     9.30   128.92     0.08     0.59     0.60     1.90
   0.333   0.333   0.115        49    100000      2243     9.30   128.77     0.08     0.59     0.60     1.90
   0.333   0.333   0.117        60    100000      2243     9.30   128.61     0.08     0.59     0.60     1.90
   0.333   0.333   0.120        36    100000      2241     9.30   128.45     0.08     0.59     0.60     1.90
   0.333   0.333   0.122        41    100000      2238     9.30   128.29     0.08     0.59     0.60     1.90
   0.333   0.333   0.125        43    100000      2244     9.32   128.13     0.08     0.59     0.60     1.90
   0.333   0.333   0.127        43    100000      2238     9.32   127.97     0.08     0.59     0.60     1.90
   0.333   0.333   0.130        44    100000      2253     9.32   127.82     0.08     0.59     0.60     1.90
   0.333   0.333   0.132        41    100000      2234     9.32   127.66     0.08     0.59     0.60     1.90
   0.333   0.333   0.135        52    100000      2253     9.32   127.50     0.08     0.59     0.60     1.90
   0.333   0.333   0.138        53    100000      2241     9.34   127.34     0.08     0.59     0.60     1.90
   0.333   0.333   0.140        45    100000      2236     9.34   127.19     0.08     0.59     0.60     1.90
   0.333   0.333   0.142        48    100000      2243     9.34   127.03     0.08     0.59     0.60     1.90
   0.333   0.333   0.145        41    100000      2248     9.34   126.87     0.08     0.59     0.60     1.90
   0.333   0.333   0.147        47    100000      2237     9.34   126.72     0.08     0.59     0.60     1.90
   0.333   0.333   0.150        50    100000      2242     9.36   126.56     0.08     0.59     0.60     1.90
   0.333   0.333   0.152        57    100000      2241     9.36   126.40     0.08     0.59     0.60     1.90
   0.333   0.333   0.155        54    100000      2235     9.36   126.25     0.08     0.59     0.60     1.90
   0.333   0.333   0.157        69    100000      2254     9.36   126.09     0.08     0.59     0.60     1.90
   0.333   0.333   0.160        69    100000      2238     9.36   125.93     0.08     0.59     0.60     1.90
   0.333   0.333   0.162        85    100000      2248     9.38   125.78     0.08     0.59     0.60     1.90
   0.333   0.333   0.165        75    100000      2224     9.38   125.62     0.08     0.59     0.60     1.90
   0.333   0.333   0.167        55    100000      2243     9.38   125.47     0.08     0.59     0.60     1.90
   0.333   0.333   0.170        48    100000      2236     9.38   125.31     0.08     0.59     0.60     1.90
   0.333   0.333   0.172        53    100000      2247     9.40   125.16     0.08     0.59     0.60     1.90
   0.333   0.333   0.175        55    100000      2237     9.40   125.00     0.08     0.59     0.60     1.90
   0.333   0.333   0.177        38    100000      2242     9.40   124.85     0.08     0.59     0.60     1.90
   0.333   0.333   0.180        52    100000      2227     9.40   124.70     0.08     0.60     0.60     1.90
   0.333   0.333   0.182        54    100000      2244     9.42   124.54     0.08     0.60     0.60     1.90
   0.333   0.333   0.185        47    100000      2244     9.42   124.39     0.08     0.60     0.60     1.90
   0.333   0.333   0.187        48    100000      2235     9.42   124.24     0.08     0.60     0.60     1.90
   0.333   0.333   0.190        33    100000      2249     9.44   124.08     0.08     0.60     0.60     1.90
   0.333   0.333   0.192        35    100000      2243     9.44   123.93     0.08     0.60     0.60     1.90
   0.333   0.333   0.195        41    100000      2234     9.44   123.78     0.08     0.60     0.60     1.90
   0.333   0.333   0.197        59    100000      2236     9.44   123.62     0.08     0.60     0.60     1.90
   0.333   0.333   0.200        42    100000      2254     9.46   123.47     0.08     0.60     0.60     1.90
   0.333   0.333   0.203        44    100000      2238     9.46   123.32     0.08     0.60     0.60     1.90
   0.333   0.333   0.205        45    100000      2249     9.46   123.17     0.08     0.60     0.60     1.90
   0.333   0.333   0.207        51    100000      2256     9.48   123.02     0.08     0.60     0.60     1.90
   0.333   0.333   0.210        38    100000      2250     9.48   122.86     0.08     0.60     0.60     1.90
   0.333   0.333   0.212        40    100000      2231     9.48   122.71     0.08     0.60     0.60     1.90
   0.333   0.333   0.215        41    100000      2233     9.50   122.56     0.08     0.60     0.60     1.90
   0.333   0.333   0.217        43    100000      2244     9.50   122.41     0.08     0.60     0.60     1.90
   0.333   0.333   0.220        51    100000      2231     9.50   122.26     0.08     0.60     0.60     1.90
   0.333   0.333   0.222        42    100000      2235     9.50   122.11     0.08     0.60     0.60     1.90
   0.333   0.333   0.225        35    100000      2242     9.52   121.96     0.08     0.60     0.60     1.90
   0.333   0.333   0.227        45    100000      2241     9.52   121.81     0.08     0.60     0.60     1.90
   0.333   0.333   0.230        38    100000      2233     9.52   121.66     0.08     0.60     0.60     1.90
   0.333   0.333   0.233        48    100000      2241     9.54   121.51     0.08     0.60     0.60     1.90
   0.333   0.333   0.235        45    100000      2235     9.54   121.36     0.08     0.60     0.60     1.90
   0.333   0.333   0.237        54    100000      2240     9.54   121.21     0.08     0.60     0.60     1.90
   0.333   0.333   0.240        50    100000      2240     9.56   121.07     0.08     0.60     0.60     1.90
   0.333   0.333   0.242        44    100000      2251     9.56   120.92     0.08     0.60     0.60     1.90
   0.333   0.333   0.245        45    100000      2230     9.58   120.77     0.08     0.60     0.60     1.90
   0.333   0.333   0.247        55    100000      2253     9.58   120.62     0.08     0.60     0.60     1.90
   0.333   0.333   0.250        47    100000      2244     9.58   120.47     0.08     0.60     0.60     1.90
   0.333   0.333   0.252        42    100000      2245     9.60   120.33     0.08     0.60     0.60     1.90
   0.333   0.333   0.255        43    100000      2243     9.60   120.18     0.08     0.60     0.60     1.90
   0.333   0.333   0.257        46    100000      2248     9.60   120.03     0.08     0.60     0.60     1.90
   0.333   0.333   0.260        40    100000      2240     9.62   119.89     0.08     0.60     0.60     1.90
   0.333   0.333   0.262        44    100000      2246     9.62   119.74     0.08     0.60     0.60     1.90
   0.333   0.333   0.265        30    100000      2230     9.62   119.59     0.08     0.61     0.60     1.90
   0.333   0.333   0.267        43    100000      2236     9.64   119.45     0.08     0.61     0.60     1.90
   0.333   0.333   0.270        30    100000      2232     9.64   119.30     0.08     0.61     0.60     1.90
   0.333   0.333   0.272        53    100000      2233     9.66   119.16     0.08     0.60     0.60     1.90
   0.333   0.333   0.275        29    100000      2238     9.66   119.01     0.08     0.60     0.60     1.90
   0.333   0.333   0.277        48    100000      2237     9.66   118.87     0.08     0.61     0.60     1.90
   0.333   0.333   0.280        39    100000      2239     9.68   118.72     0.08     0.61     0.60     1.90
   0.333   0.333   0.282        46    100000      2236     9.68   118.58     0.08     0.61     0.60     1.90
   0.333   0.333   0.285        51    100000      2234     9.70   118.44     0.08     0.61     0.60     1.90
   0.333   0.333   0.287        47    100000      2257     9.70   118.29     0.08     0.61     0.60     1.90
   0.333   0.333   0.290        33    100000      2236     9.70   118.15     0.08     0.60     0.60     1.90
   0.333   0.333   0.292        45    100000      2252     9.72   118.01     0.08     0.60     0.60     1.90
   0.333   0.333   0.295        47    100000      2234     9.72   117.86     0.08     0.60     0.60     1.90
   0.333   0.333   0.298        40    100000      2234     9.74   117.72     0.08     0.61     0.60     1.90
   0.333   0.333   0.300        50    100000      2243     9.74   117.58     0.08     0.61     0.60     1.90
   0.333   0.333   0.303        40    100000      2238     9.76   117.44     0.08     0.61     0.60     1.90
   0.333   0.333   0.305        40    100000      2243     9.76   117.30     0.08     0.61     0.60     1.90
   0.333   0.333   0.308        49    100000      2248     9.76   117.16     0.08     0.61     0.60     1.90
   0.333   0.333   0.310        51    100000      2259     9.78   117.02     0.08     0.61     0.60     1.90
   0.333   0.333   0.312        52    100000      2235     9.78   116.87     0.08     0.61     0.60     1.90
   0.333   0.333   0.315        51    100000      2243     9.80   116.73     0.08     0.60     0.60     1.90
   0.333   0.333   0.317        44    100000      2245     9.80   116.59     0.08     0.60     0.60     1.90
   0.333   0.333   0.320        51    100000      2237     9.82   116.45     0.08     0.60     0.60     1.90
   0.333   0.333   0.322        57    100000      2251     9.82   116.32     0.08     0.60     0.60     1.90
   0.333   0.333   0.325        46    100000      2249     9.84   116.18     0.08     0.60     0.60     1.90
   0.333   0.333   0.327        51    100000      2246     9.84   116.04     0.08     0.60     0.60     1.90
   0.333   0.333   0.330        56    100000      2247     9.84   115.90     0.08     0.60     0.60     1.90
   0.333   0.333   0.332        56    100000      2250     9.86   115.76     0.08     0.60     0.60     1.90
   0.333   0.333   0.335        45    100000      2243     9.86   115.62     0.08     0.60     0.60     1.90
   0.333   0.333   0.337        61    100000      2236     9.88   115.48     0.08     0.60     0.60     1.90
   0.333   0.333   0.340        49    100000      2247     9.88   115.35     0.08     0.60     0.60     1.90
   0.333   0.333   0.342        46    100000      2242     9.90   115.21     0.08     0.60     0.60     1.90
   0.333   0.333   0.345        44    100000      2224     9.90   115.07     0.08     0.60     0.60     1.90
   0.333   0.333   0.348        39    100000      2230     9.92   114.94     0.08     0.60     0.60     1.90
   0.333   0.333   0.350        40    100000      2236     9.92   114.80     0.08     0.60     0.60     1.90
   0.333   0.333   0.353        43    100000      2240     9.94   114.67     0.08     0.60     0.60     1.90
   0.333   0.333   0.355        28    100000      2241     9.94   114.53     0.08     0.60     0.60     1.90
   0.333   0.333   0.358        48    100000      2227     9.96   114.39     0.08     0.60     0.60     1.90
   0.333   0.333   0.360        43    100000      2240     9.96   114.26     0.08     0.60     0.60     1.90
   0.333   0.333   0.363        43    100000      2232     9.98   114.13     0.08     0.60     0.60     1.90
   0.333   0.333   0.365        49    100000      2258     9.98   113.99     0.08     0.60     0.60     1.90
   0.333   0.333   0.368        53    100000      2237    10.00   113.86     0.08     0.60     0.60     1.90
   0.333   0.333   0.370        41    100000      2237    10.00   113.72     0.08     0.60     0.60     1.90
   0.333   0.333   0.373        46    100000      2246    10.02   113.59     0.08     0.60     0.60     1.90
   0.333   0.333   0.375        40    100000      2242    10.02   113.46     0.08     0.60     0.60     1.90
   0.333   0.333   0.377        43    100000      2228    10.04   113.32     0.08     0.60     0.60     1.90
   0.333   0.333   0.380        47    100000      2237    10.04   113.19     0.08     0.60     0.60     1.90
   0.333   0.333   0.382        40    100000      2245    10.06   113.06     0.08     0.60     0.60     1.90
   0.333   0.333   0.385        53    100000      2233    10.06   112.93     0.08     0.60     0.60     1.90
   0.333   0.333   0.387        40    100000      2232    10.08   112.80     0.08     0.60     0.60     1.90
   0.333   0.333   0.390        42    100000      2225    10.08   112.67     0.08     0.60     0.60     1.90
   0.333   0.333   0.392        40    100000      2250    10.10   112.53     0.08     0.60     0.60     1.90
   0.333   0.333   0.395        35    100000      2251    10.12   112.40     0.08     0.60     0.60     1.90
   0.333   0.333   0.397        54    100000      2224    10.12   112.27     0.08     0.60     0.60     1.90
   0.333   0.333   0.400        41    100000      2236    10.14   112.14     0.08     0.60     0.60     1.90
   0.333   0.333   0.402        43    100000      2238    10.14   112.01     0.08     0.60     0.60     1.90
   0.333   0.333   0.405        35    100000      2225    10.16   111.89     0.08     0.60     0.60     1.90
   0.333   0.333   0.407        32    100000      2240    10.16   111.76     0.08     0.60     0.60     1.90
   0.333   0.333   0.410        44    100000      2246    10.18   111.63     0.08     0.60     0.60     1.90
   0.333   0.333   0.413        45    100000      2247    10.18   111.50     0.08     0.60     0.60     1.90
   0.333   0.333   0.415        47    100000      2241    10.20   111.37     0.08     0.60     0.60     1.90
   0.333   0.333   0.418        41    100000      2227    10.22   111.24     0.08     0.60     0.60     1.90
   0.333   0.333   0.420        34    100000      2230    10.22   111.12     0.08     0.60     0.60     1.90
   0.333   0.333   0.423        45    100000      2238    10.24   110.99     0.08     0.60     0.60     1.90
   0.333   0.333   0.425        48    100000      2246    10.24   110.86     0.08     0.60     0.60     1.90
   0.333   0.333   0.428        42    100000      2250    10.26   110.74     0.08     0.60     0.60     1.90
   0.333   0.333   0.430        46    100000      2236    10.26   110.61     0.08     0.60     0.60     1.90
   0.333   0.333   0.433        41    100000      2249    10.28   110.49     0.08     0.60     0.60     1.90
   0.333   0.333   0.435        49    100000      2252    10.30   110.36     0.08     0.60     0.60     1.90
   0.333   0.333   0.438        33    100000      2222    10.30   110.24     0.08     0.60     0.60     1.90
   0.333   0.333   0.440        36    100000      2242    10.32   110.11     0.08     0.60     0.60     1.90
   0.333   0.333   0.442        42    100000      2242    10.32   109.99     0.08     0.60     0.60     1.90
   0.333   0.333   0.445        38    100000      2237    10.34   109.86     0.08     0.60     0.60     1.90
   0.333   0.333   0.447        38    100000      2235    10.34   109.74     0.08     0.60     0.60     1.90
   0.333   0.333   0.450        41    100000      2231    10.37   109.61     0.08     0.60     0.60     1.90
   0.333   0.333   0.452        44    100000      2244    10.37   109.49     0.08     0.60     0.60     1.90
   0.333   0.333   0.455        44    100000      2222    10.39   109.37     0.08     0.60     0.60     1.90
   0.333   0.333   0.457        36    100000      2245    10.39   109.25     0.08     0.60     0.60     1.90
   0.333   0.333   0.460        44    100000      2250    10.42   109.12     0.08     0.60     0.60     1.90
   0.333   0.333   0.462        46    100000      2235    10.42   109.00     0.08     0.60     0.60     1.90
   0.333   0.333   0.465        32    100000      2242    10.44   108.88     0.08     0.60     0.60     1.90
   0.333   0.333   0.467        44    100000      2244    10.44   108.76     0.08     0.60     0.60     1.90
   0.333   0.333   0.470        30    100000      2239    10.46   108.64     0.08     0.60     0.60     1.90
   0.333   0.333   0.473        33    100000      2238    10.48   108.52     0.08     0.60     0.60     1.90
   0.333   0.333   0.475        36    100000      2254    10.48   108.40     0.08     0.60     0.60     1.90
   0.333   0.333   0.478        47    100000      2241    10.50   108.28     0.08     0.60     0.60     1.90
   0.333   0.333   0.480        44    100000      2247    10.50   108.16     0.08     0.60     0.60     1.90
   0.333   0.333   0.483        37    100000      2253    10.53   108.04     0.08     0.60     0.60     1.90
   0.333   0.333   0.485        29    100000      2247    10.53   107.92     0.08     0.60     0.60     1.90
   0.333   0.333   0.488        36    100000      2241    10.55   107.80     0.08     0.60     0.60     1.90
   0.333   0.333   0.490        48    100000      2240    10.57   107.68     0.08     0.60     0.60     1.90
   0.333   0.333   0.493        31    100000      2237    10.57   107.57     0.08     0.60     0.60     1.90
   0.333   0.333   0.495        43    100000      2248    10.59   107.45     0.08     0.60     0.60     1.90
   0.333   0.333   0.498        44    100000      2230    10.59   107.33     0.08     0.60     0.60     1.90
   0.333   0.333   0.500        32    100000      2248    10.62   107.22     0.08     0.60     0.60     1.90
