   0.333   0.333   0.000        52    100000      2231     9.21   136.20     0.07     1.20     1.20     0.00
   0.333   0.333   0.002        39    100000      2247     9.21   136.03     0.07     1.20     1.20     0.00
   0.333   0.333   0.005        46    100000      2237     9.21   135.87     0.07     1.21     1.20     0.00
   0.333   0.333   0.007        48    100000      2235     9.21   135.70     0.07     1.21     1.20     0.00
   0.333   0.333   0.010        50    100000      2246     9.21   135.54     0.07     1.21     1.20     0.00
   0.333   0.333   0.012        58    100000      2247     9.21   135.38     0.07     1.21     1.20     0.00
   0.333   0.333   0.015        51    100000      2239     9.21   135.21     0.07     1.21     1.20     0.00
   0.333   0.333   0.018        46    100000      2239     9.21   135.05     0.07     1.21     1.20     0.00
   0.333   0.333   0.020        53    100000      2243     9.21   134.89     0.07     1.21     1.20     0.00
   0.333   0.333   0.022        38    100000      2231     9.22   134.72     0.07     1.21     1.20     0.00
   0.333   0.333   0.025        53    100000      2247     9.22   134.56     0.07     1.21     1.20     0.00
   0.333   0.333   0.027        34    100000      2245     9.22   134.40     0.07     1.21     1.20     0.00
   0.333   0.333   0.030        37    100000      2247     9.22   134.24     0.07     1.20     1.20     0.00
   0.333   0.333   0.032        45    100000      2240     9.22   134.07     0.07     1.20     1.20     0.00
   0.333   0.333   0.035        42    100000      2233     9.22   133.91     0.07     1.20     1.20     0.00
   0.333   0.333   0.037        48    100000      2248     9.22   133.75     0.07     1.20     1.20     0.00
   0.333   0.333   0.040        45    100000      2253     9.22   133.59     0.07     1.20     1.20     0.00
   0.333   0.333   0.043        51    100000      2246     9.22   133.42     0.07     1.20     1.20     0.00
   0.333   0.333   0.045        55    100000      2251     9.22   133.26     0.07     1.20     1.20     0.00
   0.333   0.333   0.047        42    100000      2244     9.24   133.10     0.07     1.20     1.20     0.00
   0.333   0.333   0.050        39    100000      2249     9.24   132.94     0.07     1.20     1.20     0.00
   0.333   0.333   0.052        45    100000      2244     9.24   132.78     0.07     1.20     1.20     0.00
   0.333   0.333   0.055        50    100000      2252     9.24   132.61     0.07     1.20     1.20     0.00
   0.333   0.333   0.057        34    100000      2251     9.24   132.45     0.07     1.20     1.20     0.00
   0.333   0.333   0.060        43    100000      2238     9.24   132.29     0.07     1.20     1.20     0.00
   0.333   0.333   0.062        55    100000      2228     9.24   132.13     0.07     1.20     1.20     0.00
   0.333   0.333   0.065        41    100000      2238     9.24   131.97     0.07     1.20     1.20     0.00
   0.333   0.333   0.067        42    100000      2228     9.24   131.81     0.07     1.20     1.20     0.00
   0.333   0.333   0.070        53    100000      2240     9.24   131.65     0.07     1.21     1.20     0.00
   0.333   0.333   0.072        36    100000      2235     9.24   131.48     0.07     1.21     1.20     0.00
   0.333   0.333   0.075        52    100000      2248     9.26   131.32     0.07     1.21     1.20     0.00
   0.333   0.333   0.078        41    100000      2232     9.26   131.16     0.07     1.20     1.20     0.00
   0.333   0.333   0.080        48    100000      2239     9.26   131.00     0.07     1.20     1.20     0.00
   0.333   0.333   0.082        53    100000      2247     9.26   130.84     0.07     1.20     1.20     0.00
   0.333   0.333   0.085        45    100000      2253     9.26   130.68     0.07     1.20     1.20     0.00
   0.333   0.333   0.087        41    100000      2249     9.26   130.52     0.07     1.20     1.20     0.00
   0.333   0.333   0.090        37    100000      2233     9.26   130.36     0.07     1.19     1.20     0.00
   0.333   0.333   0.093        49    100000      2232     9.26   130.20     0.07     1.20     1.20     0.00
   0.333   0.333   0.095        33    100000      2249     9.28   130.04     0.07     1.20     1.20     0.00
   0.333   0.333   0.097        43    100000      2227     9.28   129.88     0.07     1.20     1.20     0.00
   0.333   0.333   0.100        37    100000      2231     9.28   129.72     0.07     1.20     1.20     0.00
   0.333   0.333   0.102        37    100000      2240     9.28   129.56     0.07     1.20     1.20     0.00
   0.333   0.333   0.105        38    100000      2227     9.28   129.40     0.07     1.20     1.20     0.00
   0.333   0.333   0.107        44    100000      2250     9.28   129.24     0.07     1.20     1.20     0.00
   0.333   0.333   0.110        61    100000      2253     9.28   129.08     0.07     1.20     1.20     0.00
   0.333   0.333   0.112        49    100000      2258     9.30   128.92     0.07     1.20     1.20     0.00
   0.333   0.333   0.115        41    100000      2250     9.30   128.77     0.07     1.20     1.20     0.00
   0.333   0.333   0.117        53    100000      2252     9.30   128.61     0.07     1.20     1.20     0.00
   0.333   0.333   0.120        54    100000      2246     9.30   128.45     0.07     1.20     1.20     0.00
   0.333   0.333   0.122        45    100000      2268     9.30   128.29     0.07     1.20     1.20     0.00
   0.333   0.333   0.125        48    100000      2235     9.32   128.13     0.07     1.21     1.20     0.00
   0.333   0.333   0.127        37    100000      2232     9.32   127.97     0.07     1.21     1.20     0.00
   0.333   0.333   0.130        45    100000      2240     9.32   127.82     0.07     1.20     1.20     0.00
   0.333   0.333   0.132        50    100000      2248     9.32   127.66     0.07     1.20     1.20     0.00
   0.333   0.333   0.135        47    100000      2255     9.32   127.50     0.07     1.20     1.20     0.00
   0.333   0.333   0.138        38    100000      2239     9.34   127.34     0.07     1.21     1.20     0.00
   0.333   0.333   0.140        50    100000      2246     9.34   127.19     0.07     1.21     1.20     0.00
   0.333   0.333   0.142        92    100000      2241     9.34   127.03     0.07     1.21     1.20     0.00
   0.333   0.333   0.145        82    100000      2244     9.34   126.87     0.07     1.20     1.20     0.00
   0.333   0.333   0.147        67    100000      2255     9.34   126.72     0.07     1.20     1.20     0.00
   0.333   0.333   0.150        64    100000      2254     9.36   126.56     0.07     1.21     1.20     0.00
   0.333   0.333   0.153        54    100000      2254     9.36   126.40     0.07     1.20     1.20     0.00
   0.333   0.333   0.155        51    100000      2242     9.36   126.25     0.07     1.20     1.20     0.00
   0.333   0.333   0.157        36    100000      2267     9.36   126.09     0.07     1.20     1.20     0.00
   0.333   0.333   0.160        50    100000      2242     9.36   125.93     0.07     1.20     1.20     0.00
   0.333   0.333   0.162        37    100000      2265     9.38   125.78     0.07     1.20     1.20     0.00
   0.333   0.333   0.165        59    100000      2253     9.38   125.62     0.07     1.20     1.20     0.00
   0.333   0.333   0.167        45    100000      2248     9.38   125.47     0.07     1.20     1.20     0.00
   0.333   0.333   0.170        40    100000      2251     9.38   125.31     0.07     1.21     1.20     0.00
   0.333   0.333   0.172        57    100000      2251     9.40   125.16     0.07     1.20     1.20     0.00
   0.333   0.333   0.175        44    100000      2249     9.40   125.00     0.07     1.20     1.20     0.00
   0.333   0.333   0.177        51    100000      2238     9.40   124.85     0.07     1.20     1.20     0.00
   0.333   0.333   0.180        39    100000      2236     9.40   124.70     0.07     1.20     1.20     0.00
   0.333   0.333   0.182        41    100000      2246     9.42   124.54     0.07     1.20     1.20     0.00
   0.333   0.333   0.185        50    100000      2252     9.42   124.39     0.07     1.20     1.20     0.00
   0.333   0.333   0.188        42    100000      2242     9.42   124.24     0.07     1.20     1.20     0.00
   0.333   0.333   0.190        32    100000      2240     9.44   124.08     0.07     1.20     1.20     0.00
   0.333   0.333   0.192        45    100000      2234     9.44   123.93     0.07     1.20     1.20     0.00
   0.333   0.333   0.195        37    100000      2247     9.44   123.78     0.07     1.20     1.20     0.00
   0.333   0.333   0.197        47    100000      2249     9.44   123.62     0.07     1.20     1.20     0.00
   0.333   0.333   0.200        49    100000      2250     9.46   123.47     0.07     1.20     1.20     0.00
   0.333   0.333   0.203        36    100000      2252     9.46   123.32     0.07     1.20     1.20     0.00
   0.333   0.333   0.205        41    100000      2231     9.46   123.17     0.07     1.20     1.20     0.00
   0.333   0.333   0.207        48    100000      2232     9.48   123.02     0.07     1.20     1.20     0.00
   0.333   0.333   0.210        38    100000      2243     9.48   122.86     0.07     1.21     1.20     0.00
   0.333   0.333   0.212        44    100000      2241     9.48   122.71     0.07     1.21     1.20     0.00
   0.333   0.333   0.215        36    100000      2260     9.50   122.56     0.07     1.20     1.20     0.00
   0.333   0.333   0.218        50    100000      2249     9.50   122.41     0.07     1.20     1.20     0.00
   0.333   0.333   0.220        48    100000      2236     9.50   122.26     0.07     1.20     1.20     0.00
   0.333   0.333   0.222        43    100000      2261     9.50   122.11     0.07     1.20     1.20     0.00
   0.333   0.333   0.225        42    100000      2262     9.52   121.96     0.07     1.20     1.20     0.00
   0.333   0.333   0.227        49    100000      2238     9.52   121.81     0.07     1.20     1.20     0.00
   0.333   0.333   0.230        52    100000      2237     9.52   121.66     0.07     1.20     1.20     0.00
   0.333   0.333   0.233        55    100000      2230     9.54   121.51     0.07     1.20     1.20     0.00
   0.333   0.333   0.235        37    100000      2255     9.54   121.36     0.07     1.20     1.20     0.00
   0.333   0.333   0.237        38    100000      2243     9.54   121.21     0.07     1.20     1.20     0.00
   0.333   0.333   0.240        39    100000      2258     9.56   121.07     0.07     1.20     1.20     0.00
   0.333   0.333   0.242        39    100000      2250     9.56   120.92     0.07     1.20     1.20     0.00
   0.333   0.333   0.245        41    100000      2258     9.58   120.77     0.07     1.20     1.20     0.00
   0.333   0.333   0.247        33    100000      2258     9.58   120.62     0.07     1.20     1.20     0.00
   0.333   0.333   0.250        45    100000      2249     9.58   120.47     0.07     1.20     1.20     0.00
   0.333   0.333   0.252        40    100000      2248     9.60   120.33     0.07     1.20     1.20     0.00
   0.333   0.333   0.255        35    100000      2244     9.60   120.18     0.07     1.20     1.20     0.00
   0.333   0.333   0.257        35    100000      2238     9.60   120.03     0.07     1.20     1.20     0.00
   0.333   0.333   0.260        43    100000      2247     9.62   119.89     0.07     1.20     1.20     0.00
   0.333   0.333   0.262        51    100000      2250     9.62   119.74     0.07     1.20     1.20     0.00
   0.333   0.333   0.265        34    100000      2246     9.62   119.59     0.07     1.20     1.20     0.00
   0.333   0.333   0.267        54    100000      2253     9.64   119.45     0.07     1.20     1.20     0.00
   0.333   0.333   0.270        45    100000      2239     9.64   119.30     0.07     1.20     1.20     0.00
   0.333   0.333   0.273        42    100000      2246     9.66   119.16     0.07     1.20     1.20     0.00
   0.333   0.333   0.275        37    100000      2255     9.66   119.01     0.07     1.20     1.20     0.00
   0.333   0.333   0.278        44    100000      2233     9.66   118.87     0.07     1.20     1.20     0.00
   0.333   0.333   0.280        46    100000      2248     9.68   118.72     0.07     1.20     1.20     0.00
   0.333   0.333   0.282        41    100000      2246     9.68   118.58     0.07     1.20     1.20     0.00
   0.333   0.333   0.285        52    100000      2245     9.70   118.44     0.07     1.20     1.20     0.00
   0.333   0.333   0.287        43    100000      2239     9.70   118.29     0.07     1.20     1.20     0.00
   0.333   0.333   0.290        48    100000      2235     9.70   118.15     0.07     1.20     1.20     0.00
   0.333   0.333   0.292        49    100000      2251     9.72   118.01     0.07     1.20     1.20     0.00
   0.333   0.333   0.295        37    100000      2253     9.72   117.86     0.07     1.20     1.20     0.00
   0.333   0.333   0.297        42    100000      2247     9.74   117.72     0.07     1.20     1.20     0.00
   0.333   0.333   0.300        49    100000      2264     9.74   117.58     0.07     1.20     1.20     0.00
   0.333   0.333   0.302        48    100000      2251     9.76   117.44     0.07     1.20     1.20     0.00
   0.333   0.333   0.305        35    100000      2247     9.76   117.30     0.07     1.20     1.20     0.00
   0.333   0.333   0.308        39    100000      2242     9.76   117.16     0.07     1.20     1.20     0.00
   0.333   0.333   0.310        45    100000      2258     9.78   117.02     0.07     1.20     1.20     0.00
   0.333   0.333   0.312        31    100000      2248     9.78   116.87     0.07     1.20     1.20     0.00
   0.333   0.333   0.315        47    100000      2238     9.80   116.73     0.07     1.20     1.20     0.00
   0.333   0.333   0.317        48    100000      2247     9.80   116.59     0.07     1.20     1.20     0.00
   0.333   0.333   0.320        57    100000      2262     9.82   116.45     0.07     1.20     1.20     0.00
   0.333   0.333   0.322        49    100000      2238     9.82   116.32     0.07     1.20     1.20     0.00
   0.333   0.333   0.325        46    100000      2249     9.84   116.18     0.07     1.20     1.20     0.00
   0.333   0.333   0.327        50    100000      2235     9.84   116.04     0.07     1.20     1.20     0.00
   0.333   0.333   0.330        36    100000      2225     9.84   115.90     0.07     1.20     1.20     0.00
   0.333   0.333   0.332        37    100000      2250     9.86   115.76     0.07     1.20     1.20     0.00
   0.333   0.333   0.335        43    100000      2243     9.86   115.62     0.07     1.20     1.20     0.00
   0.333   0.333   0.338        31    100000      2260     9.88   115.48     0.07     1.20     1.20     0.00
   0.333   0.333   0.340        40    100000      2259     9.88   115.35     0.07     1.20     1.20     0.00
   0.333   0.333   0.343        44    100000      2257     9.90   115.21     0.07     1.20     1.20     0.00
   0.333   0.333   0.345        46    100000      2251     9.90   115.07     0.07     1.20     1.20     0.00
   0.333   0.333   0.347        33    100000      2248     9.92   114.94     0.07     1.20     1.20     0.00
   0.333   0.333   0.350        47    100000      2241     9.92   114.80     0.07     1.20     1.20     0.00
   0.333   0.333   0.352        40    100000      2263     9.94   114.67     0.07     1.20     1.20     0.00
   0.333   0.333   0.355        53    100000      2237     9.94   114.53     0.07     1.20     1.20     0.00
   0.333   0.333   0.357        32    100000      2241     9.96   114.39     0.07     1.20     1.20     0.00
   0.333   0.333   0.360        41    100000      2239     9.96   114.26     0.07     1.20     1.20     0.00
   0.333   0.333   0.362        43    100000      2244     9.98   114.13     0.07     1.20     1.20     0.00
   0.333   0.333   0.365        29    100000      2254     9.98   113.99     0.07     1.19     1.20     0.00
   0.333   0.333   0.367        38    100000      2252    10.00   113.86     0.07     1.19     1.20     0.00
   0.333   0.333   0.370        42    100000      2258    10.00   113.72     0.07     1.19     1.20     0.00
   0.333   0.333   0.373        29    100000      2234    10.02   113.59     0.07     1.19     1.20     0.00
   0.333   0.333   0.375        35    100000      2260    10.02   113.46     0.07     1.19     1.20     0.00
   0.333   0.333   0.377        40    100000      2249    10.04   113.32     0.07     1.19     1.20     0.00
   0.333   0.333   0.380        39    100000      2248    10.04   113.19     0.07     1.19     1.20     0.00
   0.333   0.333   0.382        24    100000      2231    10.06   113.06     0.07     1.19     1.20     0.00
   0.333   0.333   0.385        32    100000      2237    10.06   112.93     0.07     1.19     1.20     0.00
   0.333   0.333   0.387        45    100000      2260    10.08   112.80     0.07     1.19     1.20     0.00
   0.333   0.333   0.390        41    100000      2245    10.08   112.67     0.07     1.19     1.20     0.00
   0.333   0.333   0.392        40    100000      2227    10.10   112.53     0.07     1.19     1.20     0.00
   0.333   0.333   0.395        43    100000      2233    10.12   112.40     0.07     1.20     1.20     0.00
   0.333   0.333   0.397        43    100000      2245    10.12   112.27     0.07     1.20     1.20     0.00
   0.333   0.333   0.400        41    100000      2255    10.14   112.14     0.07     1.20     1.20     0.00
   0.333   0.333   0.403        35    100000      2239    10.14   112.01     0.07     1.20     1.20     0.00
   0.333   0.333   0.405        32    100000      2239    10.16   111.89     0.07     1.20     1.20     0.00
   0.333   0.333   0.407        38    100000      2244    10.16   111.76     0.07     1.20     1.20     0.00
   0.333   0.333   0.410        37    100000      2241    10.18   111.63     0.07     1.20     1.20     0.00
   0.333   0.333   0.412        46    100000      2248    10.18   111.50     0.07     1.20     1.20     0.00
   0.333   0.333   0.415        33    100000      2240    10.20   111.37     0.07     1.20     1.20     0.00
   0.333   0.333   0.417        36    100000      2252    10.22   111.24     0.07     1.20     1.20     0.00
   0.333   0.333   0.420        39    100000      2254    10.22   111.12     0.07     1.20     1.20     0.00
   0.333   0.333   0.422        37    100000      2253    10.24   110.99     0.07     1.20     1.20     0.00
   0.333   0.333   0.425        36    100000      2239    10.24   110.86     0.07     1.19     1.20     0.00
   0.333   0.333   0.427        37    100000      2248    10.26   110.74     0.07     1.19     1.20     0.00
   0.333   0.333   0.430        43    100000      2241    10.26   110.61     0.07     1.19     1.20     0.00
   0.333   0.333   0.433        36    100000      2245    10.28   110.49     0.07     1.18     1.20     0.00
   0.333   0.333   0.435        37    100000      2249    10.30   110.36     0.07     1.18     1.20     0.00
   0.333   0.333   0.438        39    100000      2235    10.30   110.24     0.07     1.18     1.20     0.00
   0.333   0.333   0.440        41    100000      2260    10.32   110.11     0.07     1.19     1.20     0.00
   0.333   0.333   0.442        40    100000      2251    10.32   109.99     0.07     1.19     1.20     0.00
   0.333   0.333   0.445        42    100000      2259    10.34   109.86     0.07     1.19     1.20     0.00
   0.333   0.333   0.447        53    100000      2239    10.34   109.74     0.07     1.19     1.20     0.00
   0.333   0.333   0.450        37    100000      2240    10.37   109.61     0.07     1.19     1.20     0.00
   0.333   0.333   0.452        47    100000      2243    10.37   109.49     0.07     1.19     1.20     0.00
   0.333   0.333   0.455        43    100000      2251    10.39   109.37     0.07     1.19     1.20     0.00
   0.333   0.333   0.457        38    100000      2246    10.39   109.25     0.07     1.19     1.20     0.00
   0.333   0.333   0.460        34    100000      2241    10.42   109.12     0.07     1.19     1.20     0.00
   0.333   0.333   0.462        44    100000      2245    10.42   109.00     0.07     1.20     1.20     0.00
   0.333   0.333   0.465        46    100000      2249    10.44   108.88     0.07     1.19     1.20     0.00
   0.333   0.333   0.468        54    100000      2258    10.44   108.76     0.07     1.19     1.20     0.00
   0.333   0.333   0.470        36    100000      2238    10.46   108.64     0.07     1.20     1.20     0.00
   0.333   0.333   0.472        43    100000      2236    10.48   108.52     0.07     1.20     1.20     0.00
   0.333   0.333   0.475        30    100000      2244    10.48   108.40     0.07     1.19     1.20     0.00
   0.333   0.333   0.477        49    100000      2246    10.50   108.28     0.07     1.20     1.20     0.00
   0.333   0.333   0.480        47    100000      2237    10.50   108.16     0.07     1.20     1.20     0.00
   0.333   0.333   0.482        39    100000      2233    10.53   108.04     0.07     1.20     1.20     0.00
   0.333   0.333   0.485        33    100000      2241    10.53   107.92     0.07     1.20     1.20     0.00
   0.333   0.333   0.487        35    100000      2241    10.55   107.80     0.07     1.20     1.20     0.00
   0.333   0.333   0.490        44    100000      2261    10.57   107.68     0.07     1.20     1.20     0.00
   0.333   0.333   0.492        41    100000      2242    10.57   107.57     0.07     1.20     1.20     0.00
   0.333   0.333   0.495        33    100000      2241    10.59   107.45     0.07     1.20     1.20     0.00
   0.333   0.333   0.498        28    100000      2254    10.59   107.33     0.07     1.20     1.20     0.00
   0.333   0.333   0.500        32    100000      2242    10.62   107.22     0.07     1.20     1.20     0.00
