   0.333   0.333   0.000        35    100000      2251     9.21   136.20     0.07     0.91     0.91     1.00
   0.333   0.333   0.002        49    100000      2244     9.21   136.03     0.07     0.91     0.91     1.00
   0.333   0.333   0.005        51    100000      2256     9.21   135.87     0.07     0.91     0.91     1.00
   0.333   0.333   0.007        57    100000      2255     9.21   135.70     0.07     0.91     0.91     1.00
   0.333   0.333   0.010        47    100000      2262     9.21   135.54     0.07     0.91     0.91     1.00
   0.333   0.333   0.012        35    100000      2261     9.21   135.38     0.07     0.91     0.91     1.00
   0.333   0.333   0.015        52    100000      2236     9.21   135.21     0.07     0.91     0.91     1.00
   0.333   0.333   0.018        51    100000      2249     9.21   135.05     0.07     0.91     0.91     1.00
   0.333   0.333   0.020        46    100000      2249     9.21   134.89     0.07     0.91     0.91     1.00
   0.333   0.333   0.022        48    100000      2247     9.22   134.72     0.07     0.91     0.91     1.00
   0.333   0.333   0.025        52    100000      2260     9.23   134.56     0.07     0.91     0.91     1.00
   0.333   0.333   0.027        50    100000      2260     9.23   134.40     0.07     0.91     0.91     1.00
   0.333   0.333   0.030        45    100000      2255     9.23   134.24     0.07     0.91     0.91     1.00
   0.333   0.333   0.032        50    100000      2249     9.23   134.07     0.07     0.91     0.91     1.00
   0.333   0.333   0.035        45    100000      2242     9.23   133.91     0.07     0.91     0.91     1.00
   0.333   0.333   0.037        38    100000      2242     9.23   133.75     0.07     0.91     0.91     1.00
   0.333   0.333   0.040        37    100000      2261     9.23   133.59     0.07     0.91     0.91     1.00
   0.333   0.333   0.043        55    100000      2250     9.23   133.42     0.07     0.91     0.91     1.00
   0.333   0.333   0.045        43    100000      2260     9.23   133.26     0.07     0.91     0.91     1.00
   0.333   0.333   0.047        36    100000      2263     9.23   133.10     0.07     0.91     0.91     1.00
   0.333   0.333   0.050        46    100000      2253     9.23   132.94     0.07     0.91     0.91     1.00
   0.333   0.333   0.052        41    100000      2255     9.23   132.78     0.07     0.91     0.91     1.00
   0.333   0.333   0.055        32    100000      2255     9.23   132.61     0.07     0.91     0.91     1.00
   0.333   0.333   0.057        43    100000      2258     9.23   132.45     0.07     0.91     0.91     1.00
   0.333   0.333   0.060        58    100000      2253     9.23   132.29     0.07     0.91     0.91     1.00
   0.333   0.333   0.062        38    100000      2267     9.25   132.13     0.07     0.91     0.91     1.00
   0.333   0.333   0.065        39    100000      2241     9.25   131.97     0.07     0.91     0.91     1.00
   0.333   0.333   0.067        43    100000      2239     9.25   131.81     0.07     0.91     0.91     1.00
   0.333   0.333   0.070        52    100000      2248     9.25   131.65     0.07     0.91     0.91     1.00
   0.333   0.333   0.072        44    100000      2264     9.25   131.48     0.07     0.91     0.91     1.00
   0.333   0.333   0.075        47    100000      2247     9.25   131.32     0.07     0.91     0.91     1.00
   0.333   0.333   0.078        44    100000      2248     9.25   131.16     0.07     0.91     0.91     1.00
   0.333   0.333   0.080        39    100000      2245     9.25   131.00     0.07     0.91     0.91     1.00
   0.333   0.333   0.082        50    100000      2235     9.25   130.84     0.07     0.91     0.91     1.00
   0.333   0.333   0.085        44    100000      2267     9.27   130.68     0.07     0.91     0.91     1.00
   0.333   0.333   0.087        50    100000      2247     9.27   130.52     0.07     0.91     0.91     1.00
   0.333   0.333   0.090        40    100000      2245     9.27   130.36     0.07     0.91     0.91     1.00
   0.333   0.333   0.093        49    100000      2256     9.27   130.20     0.07     0.91     0.91     1.00
   0.333   0.333   0.095        54    100000      2254     9.27   130.04     0.07     0.91     0.91     1.00
   0.333   0.333   0.097        45    100000      2252     9.27   129.88     0.07     0.91     0.91     1.00
   0.333   0.333   0.100        39    100000      2255     9.27   129.72     0.07     0.91     0.91     1.00
   0.333   0.333   0.102        36    100000      2249     9.29   129.56     0.07     0.91     0.91     1.00
   0.333   0.333   0.105        34    100000      2237     9.29   129.40     0.07     0.91     0.91     1.00
   0.333   0.333   0.107        52    100000      2260     9.29   129.24     0.07     0.91     0.91     1.00
   0.333   0.333   0.110        44    100000      2244     9.29   129.08     0.07     0.91     0.91     1.00
   0.333   0.333   0.112        52    100000      2248     9.29   128.92     0.07     0.91     0.91     1.00
   0.333   0.333   0.115        52    100000      2262     9.29   128.77     0.07     0.91     0.91     1.00
   0.333   0.333   0.117        54    100000      2257     9.29   128.61     0.07     0.91     0.91     1.00
   0.333   0.333   0.120        57    100000      2258     9.31   128.45     0.07     0.91     0.91     1.00
   0.333   0.333   0.122        39    100000      2250     9.31   128.29     0.07     0.91     0.91     1.00
   0.333   0.333   0.125        45    100000      2254     9.31   128.13     0.07     0.91     0.91     1.00
   0.333   0.333   0.127        41    100000      2263     9.31   127.97     0.07     0.91     0.91     1.00
   0.333   0.333   0.130        49    100000      2260     9.31   127.82     0.07     0.91     0.91     1.00
   0.333   0.333   0.132        47    100000      2249     9.33   127.66     0.07     0.91     0.91     1.00
   0.333   0.333   0.135        36    100000      2246     9.33   127.50     0.07     0.91     0.91     1.00
   0.333   0.333   0.138        42    100000      2251     9.33   127.34     0.07     0.91     0.91     1.00
   0.333   0.333   0.140        43    100000      2235     9.33   127.19     0.07     0.91     0.91     1.00
   0.333   0.333   0.142        47    100000      2250     9.33   127.03     0.07     0.91     0.91     1.00
   0.333   0.333   0.145        28    100000      2256     9.35   126.87     0.07     0.91     0.91     1.00
   0.333   0.333   0.147        48    100000      2233     9.35   126.72     0.07     0.91     0.91     1.00
   0.333   0.333   0.150        48    100000      2258     9.35   126.56     0.07     0.91     0.91     1.00
   0.333   0.333   0.153        47    100000      2253     9.35   126.40     0.07     0.91     0.91     1.00
   0.333   0.333   0.155        48    100000      2246     9.37   126.25     0.07     0.91     0.91     1.00
   0.333   0.333   0.157        43    100000      2235     9.37   126.09     0.07     0.91     0.91     1.00
   0.333   0.333   0.160        34    100000      2246     9.37   125.93     0.07     0.91     0.91     1.00
   0.333   0.333   0.162        46    100000      2245     9.37   125.78     0.07     0.91     0.91     1.00
   0.333   0.333   0.165        34    100000      2261     9.37   125.62     0.07     0.91     0.91     1.00
   0.333   0.333   0.167        55    100000      2268     9.39   125.47     0.07     0.91     0.91     1.00
   0.333   0.333   0.170        59    100000      2245     9.39   125.31     0.07     0.91     0.91     1.00
   0.333   0.333   0.172        72    100000      2239     9.39   125.16     0.07     0.91     0.91     1.00
   0.333   0.333   0.175       139    100000      2260     9.39   125.00     0.07     0.91     0.91     1.00
   0.333   0.333   0.177       163    100000      2247     9.41   124.85     0.07     0.91     0.91     1.00
   0.333   0.333   0.180       134    100000      2239     9.41   124.70     0.07     0.91     0.91     1.00
   0.333   0.333   0.182        93    100000      2242     9.41   124.54     0.07     0.91     0.91     1.00
   0.333   0.333   0.185        76    100000      2262     9.43   124.39     0.07     0.91     0.91     1.00
   0.333   0.333   0.188        43    100000      2261     9.43   124.24     0.07     0.91     0.91     1.00
   0.333   0.333   0.190        62    100000      2235     9.43   124.08     0.07     0.91     0.91     1.00
   0.333   0.333   0.192        53    100000      2233     9.43   123.93     0.07     0.91     0.91     1.00
   0.333   0.333   0.195        49    100000      2267     9.45   123.78     0.07     0.91     0.91     1.00
   0.333   0.333   0.197        54    100000      2255     9.45   123.62     0.07     0.91     0.91     1.00
   0.333   0.333   0.200        37    100000      2256     9.45   123.47     0.07     0.91     0.91     1.00
   0.333   0.333   0.203        37    100000      2250     9.47   123.32     0.07     0.91     0.91     1.00
   0.333   0.333   0.205        49    100000      2249     9.47   123.17     0.07     0.91     0.91     1.00
   0.333   0.333   0.207        38    100000      2259     9.47   123.02     0.07     0.91     0.91     1.00
   0.333   0.333   0.210        37    100000      2251     9.47   122.86     0.07     0.91     0.91     1.00
   0.333   0.333   0.212        33    100000      2250     9.49   122.71     0.07     0.91     0.91     1.00
   0.333   0.333   0.215        43    100000      2255     9.49   122.56     0.07     0.91     0.91     1.00
   0.333   0.333   0.218        54    100000      2248     9.49   122.41     0.07     0.91     0.91     1.00
   0.333   0.333   0.220        45    100000      2257     9.51   122.26     0.07     0.91     0.91     1.00
   0.333   0.333   0.222        52    100000      2240     9.51   122.11     0.07     0.91     0.91     1.00
   0.333   0.333   0.225        44    100000      2240     9.51   121.96     0.07     0.91     0.91     1.00
   0.333   0.333   0.227        42    100000      2243     9.53   121.81     0.07     0.91     0.91     1.00
   0.333   0.333   0.230        35    100000      2265     9.53   121.66     0.07     0.91     0.91     1.00
   0.333   0.333   0.233        46    100000      2253     9.53   121.51     0.07     0.91     0.91     1.00
   0.333   0.333   0.235        46    100000      2246     9.55   121.36     0.07     0.91     0.91     1.00
   0.333   0.333   0.237        42    100000      2251     9.55   121.21     0.07     0.91     0.91     1.00
   0.333   0.333   0.240        44    100000      2252     9.55   121.07     0.07     0.91     0.91     1.00
   0.333   0.333   0.242        44    100000      2247     9.57   120.92     0.07     0.91     0.91     1.00
   0.333   0.333   0.245        44    100000      2239     9.57   120.77     0.07     0.91     0.91     1.00
   0.333   0.333   0.247        34    100000      2252     9.57   120.62     0.07     0.91     0.91     1.00
   0.333   0.333   0.250        40    100000      2244     9.59   120.47     0.07     0.91     0.91     1.00
   0.333   0.333   0.252        38    100000      2245     9.59   120.33     0.07     0.91     0.91     1.00
   0.333   0.333   0.255        51    100000      2238     9.59   120.18     0.07     0.91     0.91     1.00
   0.333   0.333   0.257        39    100000      2245     9.61   120.03     0.07     0.91     0.91     1.00
   0.333   0.333   0.260        44    100000      2249     9.61   119.89     0.07     0.91     0.91     1.00
   0.333   0.333   0.262        38    100000      2232     9.63   119.74     0.07     0.91     0.91     1.00
   0.333   0.333   0.265        36    100000      2254     9.63   119.59     0.07     0.91     0.91     1.00
   0.333   0.333   0.267        46    100000      2251     9.63   119.45     0.07     0.91     0.91     1.00
   0.333   0.333   0.270        39    100000      2261     9.65   119.30     0.07     0.91     0.91     1.00
   0.333   0.333   0.273        37    100000      2238     9.65   119.16     0.07     0.91     0.91     1.00
   0.333   0.333   0.275        50    100000      2236     9.67   119.01     0.07     0.91     0.91     1.00
   0.333   0.333   0.278        45    100000      2251     9.67   118.87     0.07     0.91     0.91     1.00
   0.333   0.333   0.280        37    100000      2258     9.67   118.72     0.07     0.91     0.91     1.00
   0.333   0.333   0.282        40    100000      2237     9.69   118.58     0.07     0.91     0.91     1.00
   0.333   0.333   0.285        33    100000      2238     9.69   118.44     0.07     0.91     0.91     1.00
   0.333   0.333   0.287        43    100000      2238     9.71   118.29     0.07     0.91     0.91     1.00
   0.333   0.333   0.290        44    100000      2241     9.71   118.15     0.07     0.91     0.91     1.00
   0.333   0.333   0.292        50    100000      2253     9.71   118.01     0.07     0.91     0.91     1.00
   0.333   0.333   0.295        48    100000      2245     9.73   117.86     0.07     0.91     0.91     1.00
   0.333   0.333   0.297        31    100000      2252     9.73   117.72     0.07     0.91     0.91     1.00
   0.333   0.333   0.300        41    100000      2254     9.75   117.58     0.07     0.91     0.91     1.00
   0.333   0.333   0.302        36    100000      2263     9.75   117.44     0.07     0.91     0.91     1.00
   0.333   0.333   0.305        44    100000      2239     9.75   117.30     0.07     0.91     0.91     1.00
   0.333   0.333   0.308        41    100000      2242     9.77   117.16     0.07     0.91     0.91     1.00
   0.333   0.333   0.310        36    100000      2255     9.77   117.02     0.07     0.91     0.91     1.00
   0.333   0.333   0.312        39    100000      2239     9.79   116.87     0.07     0.91     0.91     1.00
   0.333   0.333   0.315        41    100000      2254     9.79   116.73     0.07     0.91     0.91     1.00
   0.333   0.333   0.317        48    100000      2249     9.81   116.59     0.07     0.91     0.91     1.00
   0.333   0.333   0.320        47    100000      2241     9.81   116.45     0.07     0.91     0.91     1.00
   0.333   0.333   0.322        47    100000      2252     9.83   116.32     0.07     0.91     0.91     1.00
   0.333   0.333   0.325        34    100000      2250     9.83   116.18     0.07     0.91     0.91     1.00
   0.333   0.333   0.327        32    100000      2252     9.85   116.04     0.07     0.91     0.91     1.00
   0.333   0.333   0.330        42    100000      2248     9.85   115.90     0.07     0.91     0.91     1.00
   0.333   0.333   0.332        34    100000      2254     9.85   115.76     0.07     0.91     0.91     1.00
   0.333   0.333   0.335        36    100000      2255     9.87   115.62     0.07     0.91     0.91     1.00
   0.333   0.333   0.338        40    100000      2252     9.87   115.48     0.07     0.91     0.91     1.00
   0.333   0.333   0.340        37    100000      2249     9.89   115.35     0.07     0.91     0.91     1.00
   0.333   0.333   0.343        40    100000      2250     9.89   115.21     0.07     0.91     0.91     1.00
   0.333   0.333   0.345        41    100000      2240     9.91   115.07     0.07     0.91     0.91     1.00
   0.333   0.333   0.347        39    100000      2258     9.91   114.94     0.07     0.91     0.91     1.00
   0.333   0.333   0.350        47    100000      2237     9.93   114.80     0.07     0.91     0.91     1.00
   0.333   0.333   0.352        41    100000      2244     9.93   114.67     0.07     0.91     0.91     1.00
   0.333   0.333   0.355        39    100000      2234     9.95   114.53     0.07     0.91     0.91     1.00
   0.333   0.333   0.357        36    100000      2240     9.95   114.39     0.07     0.91     0.91     1.00
   0.333   0.333   0.360        37    100000      2257     9.97   114.26     0.07     0.91     0.91     1.00
   0.333   0.333   0.362        40    100000      2257     9.97   114.13     0.07     0.91     0.91     1.00
   0.333   0.333   0.365        44    100000      2254     9.99   113.99     0.07     0.91     0.91     1.00
   0.333   0.333   0.367        42    100000      2241     9.99   113.86     0.07     0.91     0.91     1.00
   0.333   0.333   0.370        48    100000      2243    10.01   113.72     0.07     0.91     0.91     1.00
   0.333   0.333   0.373        42    100000      2247    10.01   113.59     0.07     0.91     0.91     1.00
   0.333   0.333   0.375        43    100000      2254    10.03   113.46     0.07     0.91     0.91     1.00
   0.333   0.333   0.377        32    100000      2256    10.03   113.32     0.07     0.91     0.91     1.00
   0.333   0.333   0.380        55    100000      2259    10.05   113.19     0.07     0.91     0.91     1.00
   0.333   0.333   0.382        37    100000      2251    10.05   113.06     0.07     0.91     0.91     1.00
   0.333   0.333   0.385        34    100000      2255    10.07   112.93     0.07     0.91     0.91     1.00
   0.333   0.333   0.387        37    100000      2247    10.07   112.80     0.07     0.91     0.91     1.00
   0.333   0.333   0.390        32    100000      2268    10.09   112.67     0.07     0.91     0.91     1.00
   0.333   0.333   0.392        53    100000      2243    10.09   112.53     0.07     0.91     0.91     1.00
   0.333   0.333   0.395        43    100000      2268    10.12   112.40     0.07     0.91     0.91     1.00
   0.333   0.333   0.397        44    100000      2242    10.12   112.27     0.07     0.91     0.91     1.00
   0.333   0.333   0.400        40    100000      2252    10.14   112.14     0.07     0.91     0.91     1.00
   0.333   0.333   0.403        43    100000      2255    10.14   112.01     0.07     0.91     0.91     1.00
   0.333   0.333   0.405        38    100000      2257    10.16   111.89     0.07     0.91     0.91     1.00
   0.333   0.333   0.407        37    100000      2252    10.16   111.76     0.07     0.91     0.91     1.00
   0.333   0.333   0.410        38    100000      2237    10.18   111.63     0.07     0.91     0.91     1.00
   0.333   0.333   0.412        29    100000      2245    10.18   111.50     0.07     0.91     0.91     1.00
   0.333   0.333   0.415        49    100000      2265    10.20   111.37     0.07     0.91     0.91     1.00
   0.333   0.333   0.417        51    100000      2243    10.22   111.24     0.07     0.91     0.91     1.00
   0.333   0.333   0.420        39    100000      2244    10.22   111.12     0.07     0.91     0.91     1.00
   0.333   0.333   0.422        33    100000      2242    10.24   110.99     0.07     0.91     0.91     1.00
   0.333   0.333   0.425        43    100000      2265    10.24   110.86     0.07     0.91     0.91     1.00
   0.333   0.333   0.427        40    100000      2258    10.26   110.74     0.07     0.91     0.91     1.00
   0.333   0.333   0.430        48    100000      2243    10.26   110.61     0.07     0.91     0.91     1.00
   0.333   0.333   0.433        49    100000      2258    10.28   110.49     0.07     0.91     0.91     1.00
   0.333   0.333   0.435        43    100000      2261    10.30   110.36     0.07     0.91     0.91     1.00
   0.333   0.333   0.438        29    100000      2251    10.31   110.24     0.07     0.91     0.91     1.00
   0.333   0.333   0.440        40    100000      2256    10.31   110.11     0.07     0.91     0.91     1.00
   0.333   0.333   0.442        41    100000      2252    10.33   109.99     0.07     0.91     0.91     1.00
   0.333   0.333   0.445        53    100000      2249    10.33   109.86     0.07     0.91     0.91     1.00
   0.333   0.333   0.447        35    100000      2236    10.35   109.74     0.07     0.91     0.91     1.00
   0.333   0.333   0.450        37    100000      2252    10.37   109.61     0.07     0.91     0.91     1.00
   0.333   0.333   0.452        41    100000      2252    10.37   109.49     0.07     0.91     0.91     1.00
   0.333   0.333   0.455        43    100000      2249    10.39   109.37     0.07     0.91     0.91     1.00
   0.333   0.333   0.457        41    100000      2251    10.39   109.25     0.07     0.91     0.91     1.00
   0.333   0.333   0.460        48    100000      2259    10.42   109.12     0.07     0.91     0.91     1.00
   0.333   0.333   0.462        30    100000      2250    10.42   109.00     0.07     0.91     0.91     1.00
   0.333   0.333   0.465        35    100000      2249    10.44   108.88     0.07     0.91     0.91     1.00
   0.333   0.333   0.468        33    100000      2261    10.44   108.76     0.07     0.91     0.91     1.00
   0.333   0.333   0.470        42    100000      2246    10.46   108.64     0.07     0.91     0.91     1.00
   0.333   0.333   0.472        43    100000      2252    10.48   108.52     0.07     0.91     0.91     1.00
   0.333   0.333   0.475        35    100000      2262    10.48   108.40     0.07     0.91     0.91     1.00
   0.333   0.333   0.477        34    100000      2257    10.50   108.28     0.07     0.91     0.91     1.00
   0.333   0.333   0.480        22    100000      2245    10.50   108.16     0.07     0.91     0.91     1.00
   0.333   0.333   0.482        42    100000      2257    10.53   108.04     0.07     0.91     0.91     1.00
   0.333   0.333   0.485        40    100000      2249    10.53   107.92     0.07     0.91     0.91     1.00
   0.333   0.333   0.487        37    100000      2241    10.55   107.80     0.07     0.91     0.91     1.00
   0.333   0.333   0.490        46    100000      2258    10.57   107.68     0.07     0.91     0.91     1.00
   0.333   0.333   0.492        35    100000      2259    10.57   107.57     0.07     0.91     0.91     1.00
   0.333   0.333   0.495        31    100000      2255    10.59   107.45     0.07     0.91     0.91     1.00
   0.333   0.333   0.498        43    100000      2257    10.59   107.33     0.07     0.91     0.91     1.00
   0.333   0.333   0.500        26    100000      2249    10.62   107.22     0.07     0.91     0.91     1.00
