0.333,0.333,0.0,45.0,100000.0,2248.0,9.21,136.2,0.07,0.9,0.9,2.8,
0.333,0.333,0.002,51.0,100000.0,2251.0,9.21,136.03,0.07,0.9,0.9,2.8,
0.333,0.333,0.005,41.0,100000.0,2256.0,9.21,135.87,0.07,0.9,0.9,2.8,
0.333,0.333,0.007,46.0,100000.0,2245.0,9.21,135.7,0.07,0.89,0.9,2.8,
0.333,0.333,0.01,44.0,100000.0,2260.0,9.21,135.54,0.07,0.89,0.9,2.8,
0.333,0.333,0.012,42.0,100000.0,2250.0,9.21,135.38,0.07,0.89,0.9,2.8,
0.333,0.333,0.015,52.0,100000.0,2235.0,9.21,135.21,0.07,0.89,0.9,2.8,
0.333,0.333,0.018,46.0,100000.0,2251.0,9.21,135.05,0.07,0.9,0.9,2.8,
0.333,0.333,0.02,46.0,100000.0,2259.0,9.21,134.89,0.07,0.9,0.9,2.8,
0.333,0.333,0.022,45.0,100000.0,2250.0,9.23,134.72,0.07,0.9,0.9,2.8,
0.333,0.333,0.025,58.0,100000.0,2268.0,9.23,134.56,0.07,0.9,0.9,2.8,
0.333,0.333,0.027,48.0,100000.0,2263.0,9.23,134.4,0.07,0.9,0.9,2.8,
0.333,0.333,0.03,49.0,100000.0,2243.0,9.23,134.24,0.07,0.9,0.9,2.8,
0.333,0.333,0.032,34.0,100000.0,2262.0,9.23,134.07,0.07,0.9,0.9,2.8,
0.333,0.333,0.035,42.0,100000.0,2244.0,9.23,133.91,0.07,0.9,0.9,2.8,
0.333,0.333,0.037,46.0,100000.0,2243.0,9.23,133.75,0.07,0.9,0.9,2.8,
0.333,0.333,0.04,44.0,100000.0,2247.0,9.23,133.59,0.07,0.9,0.9,2.8,
0.333,0.333,0.043,41.0,100000.0,2243.0,9.23,133.42,0.07,0.9,0.9,2.8,
0.333,0.333,0.045,42.0,100000.0,2245.0,9.23,133.26,0.07,0.9,0.9,2.8,
0.333,0.333,0.047,45.0,100000.0,2244.0,9.23,133.1,0.07,0.9,0.9,2.8,
0.333,0.333,0.05,46.0,100000.0,2232.0,9.23,132.94,0.07,0.9,0.9,2.8,
0.333,0.333,0.052,48.0,100000.0,2259.0,9.23,132.78,0.07,0.9,0.9,2.8,
0.333,0.333,0.055,44.0,100000.0,2239.0,9.23,132.61,0.07,0.9,0.9,2.8,
0.333,0.333,0.057,45.0,100000.0,2248.0,9.23,132.45,0.07,0.9,0.9,2.8,
0.333,0.333,0.06,41.0,100000.0,2245.0,9.23,132.29,0.07,0.9,0.9,2.8,
0.333,0.333,0.062,33.0,100000.0,2254.0,9.25,132.13,0.07,0.9,0.9,2.8,
0.333,0.333,0.065,46.0,100000.0,2248.0,9.25,131.97,0.07,0.9,0.9,2.8,
0.333,0.333,0.067,56.0,100000.0,2254.0,9.25,131.81,0.07,0.9,0.9,2.8,
0.333,0.333,0.07,46.0,100000.0,2253.0,9.25,131.65,0.07,0.9,0.9,2.8,
0.333,0.333,0.072,46.0,100000.0,2244.0,9.25,131.48,0.07,0.9,0.9,2.8,
0.333,0.333,0.075,31.0,100000.0,2251.0,9.25,131.32,0.07,0.9,0.9,2.8,
0.333,0.333,0.078,47.0,100000.0,2251.0,9.25,131.16,0.07,0.9,0.9,2.8,
0.333,0.333,0.08,43.0,100000.0,2250.0,9.25,131.0,0.07,0.9,0.9,2.8,
0.333,0.333,0.082,51.0,100000.0,2243.0,9.25,130.84,0.07,0.9,0.9,2.8,
0.333,0.333,0.085,69.0,100000.0,2242.0,9.27,130.68,0.07,0.9,0.9,2.8,
0.333,0.333,0.087,45.0,100000.0,2255.0,9.27,130.52,0.07,0.9,0.9,2.8,
0.333,0.333,0.09,48.0,100000.0,2261.0,9.27,130.36,0.07,0.9,0.9,2.8,
0.333,0.333,0.093,51.0,100000.0,2257.0,9.27,130.2,0.07,0.9,0.9,2.8,
0.333,0.333,0.095,42.0,100000.0,2241.0,9.27,130.04,0.07,0.9,0.9,2.8,
0.333,0.333,0.097,41.0,100000.0,2252.0,9.27,129.88,0.07,0.9,0.9,2.8,
0.333,0.333,0.1,55.0,100000.0,2252.0,9.27,129.72,0.07,0.9,0.9,2.8,
0.333,0.333,0.102,40.0,100000.0,2246.0,9.29,129.56,0.07,0.9,0.9,2.8,
0.333,0.333,0.105,46.0,100000.0,2233.0,9.29,129.4,0.07,0.9,0.9,2.8,
0.333,0.333,0.107,37.0,100000.0,2241.0,9.29,129.24,0.07,0.9,0.9,2.8,
0.333,0.333,0.11,48.0,100000.0,2265.0,9.29,129.08,0.07,0.9,0.9,2.8,
0.333,0.333,0.112,49.0,100000.0,2263.0,9.29,128.92,0.07,0.9,0.9,2.8,
0.333,0.333,0.115,41.0,100000.0,2246.0,9.29,128.77,0.07,0.9,0.9,2.8,
0.333,0.333,0.117,49.0,100000.0,2251.0,9.29,128.61,0.07,0.9,0.9,2.8,
0.333,0.333,0.12,38.0,100000.0,2249.0,9.31,128.45,0.07,0.9,0.9,2.8,
0.333,0.333,0.122,41.0,100000.0,2251.0,9.31,128.29,0.07,0.9,0.9,2.8,
0.333,0.333,0.125,47.0,100000.0,2260.0,9.31,128.13,0.07,0.9,0.9,2.8,
0.333,0.333,0.127,53.0,100000.0,2249.0,9.31,127.97,0.07,0.9,0.9,2.8,
0.333,0.333,0.13,55.0,100000.0,2236.0,9.31,127.82,0.07,0.9,0.9,2.8,
0.333,0.333,0.132,44.0,100000.0,2259.0,9.33,127.66,0.07,0.9,0.9,2.8,
0.333,0.333,0.135,35.0,100000.0,2239.0,9.33,127.5,0.07,0.9,0.9,2.8,
0.333,0.333,0.138,54.0,100000.0,2238.0,9.33,127.34,0.07,0.9,0.9,2.8,
0.333,0.333,0.14,46.0,100000.0,2251.0,9.33,127.19,0.07,0.9,0.9,2.8,
0.333,0.333,0.142,48.0,100000.0,2245.0,9.33,127.03,0.07,0.9,0.9,2.8,
0.333,0.333,0.145,57.0,100000.0,2241.0,9.35,126.87,0.07,0.9,0.9,2.8,
0.333,0.333,0.147,61.0,100000.0,2261.0,9.35,126.72,0.07,0.9,0.9,2.8,
0.333,0.333,0.15,68.0,100000.0,2250.0,9.35,126.56,0.07,0.9,0.9,2.8,
0.333,0.333,0.153,101.0,100000.0,2261.0,9.35,126.4,0.07,0.9,0.9,2.8,
0.333,0.333,0.155,127.0,100000.0,2246.0,9.37,126.25,0.07,0.9,0.9,2.8,
0.333,0.333,0.157,124.0,100000.0,2251.0,9.37,126.09,0.07,0.9,0.9,2.8,
0.333,0.333,0.16,94.0,100000.0,2260.0,9.37,125.93,0.07,0.9,0.9,2.8,
0.333,0.333,0.162,73.0,100000.0,2252.0,9.37,125.78,0.07,0.9,0.9,2.8,
0.333,0.333,0.165,61.0,100000.0,2256.0,9.37,125.62,0.07,0.9,0.9,2.8,
0.333,0.333,0.167,59.0,100000.0,2255.0,9.39,125.47,0.07,0.9,0.9,2.8,
0.333,0.333,0.17,48.0,100000.0,2245.0,9.39,125.31,0.07,0.9,0.9,2.8,
0.333,0.333,0.172,46.0,100000.0,2245.0,9.39,125.16,0.07,0.9,0.9,2.8,
0.333,0.333,0.175,42.0,100000.0,2246.0,9.39,125.0,0.07,0.9,0.9,2.8,
0.333,0.333,0.177,44.0,100000.0,2256.0,9.41,124.85,0.07,0.9,0.9,2.8,
0.333,0.333,0.18,46.0,100000.0,2245.0,9.41,124.7,0.07,0.9,0.9,2.8,
0.333,0.333,0.182,53.0,100000.0,2245.0,9.41,124.54,0.07,0.9,0.9,2.8,
0.333,0.333,0.185,33.0,100000.0,2238.0,9.43,124.39,0.07,0.9,0.9,2.8,
0.333,0.333,0.188,46.0,100000.0,2262.0,9.43,124.24,0.07,0.9,0.9,2.8,
0.333,0.333,0.19,39.0,100000.0,2242.0,9.43,124.08,0.07,0.9,0.9,2.8,
0.333,0.333,0.192,27.0,100000.0,2242.0,9.43,123.93,0.07,0.9,0.9,2.8,
0.333,0.333,0.195,53.0,100000.0,2239.0,9.45,123.78,0.07,0.9,0.9,2.8,
0.333,0.333,0.197,47.0,100000.0,2251.0,9.45,123.62,0.07,0.9,0.9,2.8,
0.333,0.333,0.2,52.0,100000.0,2249.0,9.45,123.47,0.07,0.9,0.9,2.8,
0.333,0.333,0.203,35.0,100000.0,2253.0,9.47,123.32,0.07,0.9,0.9,2.8,
0.333,0.333,0.205,45.0,100000.0,2246.0,9.47,123.17,0.07,0.9,0.9,2.8,
0.333,0.333,0.207,47.0,100000.0,2247.0,9.47,123.02,0.07,0.9,0.9,2.8,
0.333,0.333,0.21,49.0,100000.0,2252.0,9.47,122.86,0.07,0.9,0.9,2.8,
0.333,0.333,0.212,37.0,100000.0,2255.0,9.49,122.71,0.07,0.9,0.9,2.8,
0.333,0.333,0.215,22.0,100000.0,2264.0,9.49,122.56,0.07,0.9,0.9,2.8,
0.333,0.333,0.218,33.0,100000.0,2239.0,9.49,122.41,0.07,0.9,0.9,2.8,
0.333,0.333,0.22,40.0,100000.0,2239.0,9.51,122.26,0.07,0.9,0.9,2.8,
0.333,0.333,0.222,38.0,100000.0,2249.0,9.51,122.11,0.07,0.9,0.9,2.8,
0.333,0.333,0.225,51.0,100000.0,2255.0,9.51,121.96,0.07,0.9,0.9,2.8,
0.333,0.333,0.227,44.0,100000.0,2249.0,9.53,121.81,0.07,0.9,0.9,2.8,
0.333,0.333,0.23,43.0,100000.0,2234.0,9.53,121.66,0.07,0.9,0.9,2.8,
0.333,0.333,0.233,42.0,100000.0,2248.0,9.53,121.51,0.07,0.9,0.9,2.8,
0.333,0.333,0.235,38.0,100000.0,2264.0,9.55,121.36,0.07,0.9,0.9,2.8,
0.333,0.333,0.237,44.0,100000.0,2247.0,9.55,121.21,0.07,0.9,0.9,2.8,
0.333,0.333,0.24,51.0,100000.0,2247.0,9.55,121.07,0.07,0.9,0.9,2.8,
0.333,0.333,0.242,31.0,100000.0,2250.0,9.57,120.92,0.07,0.9,0.9,2.8,
0.333,0.333,0.245,44.0,100000.0,2247.0,9.57,120.77,0.07,0.9,0.9,2.8,
0.333,0.333,0.247,42.0,100000.0,2259.0,9.57,120.62,0.07,0.9,0.9,2.8,
0.333,0.333,0.25,49.0,100000.0,2252.0,9.59,120.47,0.07,0.9,0.9,2.8,
0.333,0.333,0.252,51.0,100000.0,2246.0,9.59,120.33,0.07,0.9,0.9,2.8,
0.333,0.333,0.255,42.0,100000.0,2250.0,9.59,120.18,0.07,0.9,0.9,2.8,
0.333,0.333,0.257,47.0,100000.0,2252.0,9.61,120.03,0.07,0.9,0.9,2.8,
0.333,0.333,0.26,35.0,100000.0,2247.0,9.61,119.89,0.07,0.9,0.9,2.8,
0.333,0.333,0.262,39.0,100000.0,2257.0,9.63,119.74,0.07,0.9,0.9,2.8,
0.333,0.333,0.265,59.0,100000.0,2265.0,9.63,119.59,0.07,0.9,0.9,2.8,
0.333,0.333,0.267,36.0,100000.0,2246.0,9.63,119.45,0.07,0.9,0.9,2.8,
0.333,0.333,0.27,61.0,100000.0,2256.0,9.65,119.3,0.07,0.9,0.9,2.8,
0.333,0.333,0.273,47.0,100000.0,2250.0,9.65,119.16,0.07,0.9,0.9,2.8,
0.333,0.333,0.275,37.0,100000.0,2249.0,9.67,119.01,0.07,0.9,0.9,2.8,
0.333,0.333,0.278,43.0,100000.0,2255.0,9.67,118.87,0.07,0.9,0.9,2.8,
0.333,0.333,0.28,48.0,100000.0,2236.0,9.67,118.72,0.07,0.9,0.9,2.8,
0.333,0.333,0.282,37.0,100000.0,2247.0,9.69,118.58,0.07,0.9,0.9,2.8,
0.333,0.333,0.285,38.0,100000.0,2272.0,9.69,118.44,0.07,0.9,0.9,2.8,
0.333,0.333,0.287,38.0,100000.0,2251.0,9.71,118.29,0.07,0.9,0.9,2.8,
0.333,0.333,0.29,38.0,100000.0,2257.0,9.71,118.15,0.07,0.9,0.9,2.8,
0.333,0.333,0.292,53.0,100000.0,2256.0,9.71,118.01,0.07,0.9,0.9,2.8,
0.333,0.333,0.295,41.0,100000.0,2254.0,9.73,117.86,0.07,0.9,0.9,2.8,
0.333,0.333,0.297,41.0,100000.0,2249.0,9.73,117.72,0.07,0.9,0.9,2.8,
0.333,0.333,0.3,48.0,100000.0,2249.0,9.75,117.58,0.07,0.9,0.9,2.8,
0.333,0.333,0.302,28.0,100000.0,2244.0,9.75,117.44,0.07,0.9,0.9,2.8,
0.333,0.333,0.305,55.0,100000.0,2257.0,9.75,117.3,0.07,0.9,0.9,2.8,
0.333,0.333,0.308,39.0,100000.0,2256.0,9.77,117.16,0.07,0.9,0.9,2.8,
0.333,0.333,0.31,47.0,100000.0,2251.0,9.77,117.02,0.07,0.9,0.9,2.8,
0.333,0.333,0.312,38.0,100000.0,2250.0,9.79,116.87,0.07,0.9,0.9,2.8,
0.333,0.333,0.315,37.0,100000.0,2243.0,9.79,116.73,0.07,0.9,0.9,2.8,
0.333,0.333,0.317,39.0,100000.0,2246.0,9.81,116.59,0.07,0.9,0.9,2.8,
0.333,0.333,0.32,54.0,100000.0,2257.0,9.81,116.45,0.07,0.9,0.9,2.8,
0.333,0.333,0.322,49.0,100000.0,2261.0,9.83,116.32,0.07,0.9,0.9,2.8,
0.333,0.333,0.325,43.0,100000.0,2250.0,9.83,116.18,0.07,0.9,0.9,2.8,
0.333,0.333,0.327,47.0,100000.0,2250.0,9.85,116.04,0.07,0.9,0.9,2.8,
0.333,0.333,0.33,50.0,100000.0,2237.0,9.85,115.9,0.07,0.9,0.9,2.8,
0.333,0.333,0.332,37.0,100000.0,2253.0,9.85,115.76,0.07,0.9,0.9,2.8,
0.333,0.333,0.335,32.0,100000.0,2240.0,9.87,115.62,0.07,0.9,0.9,2.8,
0.333,0.333,0.338,30.0,100000.0,2240.0,9.87,115.48,0.07,0.9,0.9,2.8,
0.333,0.333,0.34,41.0,100000.0,2258.0,9.89,115.35,0.07,0.9,0.9,2.8,
0.333,0.333,0.343,43.0,100000.0,2264.0,9.89,115.21,0.07,0.9,0.9,2.8,
0.333,0.333,0.345,46.0,100000.0,2238.0,9.91,115.07,0.07,0.9,0.9,2.8,
0.333,0.333,0.347,35.0,100000.0,2273.0,9.91,114.94,0.07,0.9,0.9,2.8,
0.333,0.333,0.35,46.0,100000.0,2245.0,9.93,114.8,0.07,0.9,0.9,2.8,
0.333,0.333,0.352,42.0,100000.0,2253.0,9.93,114.67,0.07,0.9,0.9,2.8,
0.333,0.333,0.355,31.0,100000.0,2247.0,9.95,114.53,0.07,0.9,0.9,2.8,
0.333,0.333,0.357,44.0,100000.0,2250.0,9.95,114.39,0.07,0.9,0.9,2.8,
0.333,0.333,0.36,29.0,100000.0,2247.0,9.97,114.26,0.07,0.9,0.9,2.8,
0.333,0.333,0.362,29.0,100000.0,2244.0,9.97,114.13,0.07,0.9,0.9,2.8,
0.333,0.333,0.365,27.0,100000.0,2240.0,9.99,113.99,0.07,0.9,0.9,2.8,
0.333,0.333,0.367,35.0,100000.0,2248.0,9.99,113.86,0.07,0.9,0.9,2.8,
0.333,0.333,0.37,42.0,100000.0,2241.0,10.01,113.72,0.07,0.9,0.9,2.8,
0.333,0.333,0.373,38.0,100000.0,2239.0,10.01,113.59,0.07,0.9,0.9,2.8,
0.333,0.333,0.375,48.0,100000.0,2249.0,10.03,113.46,0.07,0.9,0.9,2.8,
0.333,0.333,0.377,37.0,100000.0,2243.0,10.03,113.32,0.07,0.9,0.9,2.8,
0.333,0.333,0.38,43.0,100000.0,2266.0,10.05,113.19,0.07,0.9,0.9,2.8,
0.333,0.333,0.382,37.0,100000.0,2263.0,10.05,113.06,0.07,0.9,0.9,2.8,
0.333,0.333,0.385,41.0,100000.0,2248.0,10.07,112.93,0.07,0.9,0.9,2.8,
0.333,0.333,0.387,29.0,100000.0,2248.0,10.07,112.8,0.07,0.9,0.9,2.8,
0.333,0.333,0.39,43.0,100000.0,2245.0,10.09,112.67,0.07,0.9,0.9,2.8,
0.333,0.333,0.392,46.0,100000.0,2246.0,10.09,112.53,0.07,0.9,0.9,2.8,
0.333,0.333,0.395,34.0,100000.0,2248.0,10.12,112.4,0.07,0.9,0.9,2.8,
0.333,0.333,0.397,40.0,100000.0,2254.0,10.12,112.27,0.07,0.9,0.9,2.8,
0.333,0.333,0.4,44.0,100000.0,2259.0,10.14,112.14,0.07,0.9,0.9,2.8,
0.333,0.333,0.403,46.0,100000.0,2261.0,10.14,112.01,0.07,0.9,0.9,2.8,
0.333,0.333,0.405,35.0,100000.0,2247.0,10.16,111.89,0.07,0.9,0.9,2.8,
0.333,0.333,0.407,34.0,100000.0,2242.0,10.16,111.76,0.07,0.9,0.9,2.8,
0.333,0.333,0.41,46.0,100000.0,2246.0,10.18,111.63,0.07,0.9,0.9,2.8,
0.333,0.333,0.412,45.0,100000.0,2244.0,10.18,111.5,0.07,0.9,0.9,2.8,
0.333,0.333,0.415,26.0,100000.0,2250.0,10.2,111.37,0.07,0.9,0.9,2.8,
0.333,0.333,0.417,43.0,100000.0,2254.0,10.22,111.24,0.07,0.9,0.9,2.8,
0.333,0.333,0.42,43.0,100000.0,2249.0,10.22,111.12,0.07,0.9,0.9,2.8,
0.333,0.333,0.422,44.0,100000.0,2252.0,10.24,110.99,0.07,0.9,0.9,2.8,
0.333,0.333,0.425,36.0,100000.0,2249.0,10.24,110.86,0.07,0.9,0.9,2.8,
0.333,0.333,0.427,35.0,100000.0,2248.0,10.26,110.74,0.07,0.9,0.9,2.8,
0.333,0.333,0.43,43.0,100000.0,2235.0,10.26,110.61,0.07,0.9,0.9,2.8,
0.333,0.333,0.433,39.0,100000.0,2249.0,10.28,110.49,0.07,0.9,0.9,2.8,
0.333,0.333,0.435,45.0,100000.0,2248.0,10.3,110.36,0.07,0.9,0.9,2.8,
0.333,0.333,0.438,49.0,100000.0,2254.0,10.3,110.24,0.07,0.9,0.9,2.8,
0.333,0.333,0.44,32.0,100000.0,2252.0,10.32,110.11,0.07,0.9,0.9,2.8,
0.333,0.333,0.442,34.0,100000.0,2250.0,10.32,109.99,0.07,0.9,0.9,2.8,
0.333,0.333,0.445,27.0,100000.0,2250.0,10.34,109.86,0.07,0.91,0.9,2.8,
0.333,0.333,0.447,53.0,100000.0,2259.0,10.34,109.74,0.07,0.91,0.9,2.8,
0.333,0.333,0.45,35.0,100000.0,2258.0,10.37,109.61,0.07,0.9,0.9,2.8,
0.333,0.333,0.452,29.0,100000.0,2243.0,10.37,109.49,0.07,0.9,0.9,2.8,
0.333,0.333,0.455,35.0,100000.0,2238.0,10.39,109.37,0.07,0.9,0.9,2.8,
0.333,0.333,0.457,35.0,100000.0,2261.0,10.39,109.25,0.07,0.9,0.9,2.8,
0.333,0.333,0.46,46.0,100000.0,2242.0,10.42,109.12,0.07,0.9,0.9,2.8,
0.333,0.333,0.462,34.0,100000.0,2243.0,10.42,109.0,0.07,0.9,0.9,2.8,
0.333,0.333,0.465,34.0,100000.0,2271.0,10.44,108.88,0.07,0.9,0.9,2.8,
0.333,0.333,0.468,39.0,100000.0,2255.0,10.44,108.76,0.07,0.9,0.9,2.8,
0.333,0.333,0.47,30.0,100000.0,2243.0,10.46,108.64,0.07,0.9,0.9,2.8,
0.333,0.333,0.472,44.0,100000.0,2248.0,10.48,108.52,0.07,0.9,0.9,2.8,
0.333,0.333,0.475,36.0,100000.0,2253.0,10.48,108.4,0.07,0.9,0.9,2.8,
0.333,0.333,0.477,46.0,100000.0,2247.0,10.5,108.28,0.07,0.9,0.9,2.8,
0.333,0.333,0.48,47.0,100000.0,2260.0,10.5,108.16,0.07,0.9,0.9,2.8,
0.333,0.333,0.482,52.0,100000.0,2253.0,10.53,108.04,0.07,0.9,0.9,2.8,
0.333,0.333,0.485,38.0,100000.0,2236.0,10.53,107.92,0.07,0.9,0.9,2.8,
0.333,0.333,0.487,42.0,100000.0,2242.0,10.55,107.8,0.07,0.9,0.9,2.8,
0.333,0.333,0.49,30.0,100000.0,2249.0,10.57,107.68,0.07,0.9,0.9,2.8,
0.333,0.333,0.492,39.0,100000.0,2251.0,10.57,107.57,0.07,0.9,0.9,2.8,
0.333,0.333,0.495,31.0,100000.0,2241.0,10.59,107.45,0.07,0.9,0.9,2.8,
0.333,0.333,0.498,30.0,100000.0,2255.0,10.59,107.33,0.07,0.9,0.9,2.8,
0.333,0.333,0.5,33.0,100000.0,2247.0,10.62,107.22,0.07,0.9,0.9,2.8,
