0.333,0.333,0.0,36.0,100000.0,2251.0,9.21,136.2,0.07,0.9,0.9,0.4,
0.333,0.333,0.002,44.0,100000.0,2251.0,9.21,136.03,0.07,0.9,0.9,0.4,
0.333,0.333,0.005,34.0,100000.0,2245.0,9.21,135.87,0.07,0.9,0.9,0.4,
0.333,0.333,0.007,40.0,100000.0,2249.0,9.21,135.7,0.07,0.9,0.9,0.4,
0.333,0.333,0.01,44.0,100000.0,2252.0,9.21,135.54,0.07,0.9,0.9,0.4,
0.333,0.333,0.012,52.0,100000.0,2249.0,9.21,135.38,0.07,0.89,0.9,0.4,
0.333,0.333,0.015,45.0,100000.0,2255.0,9.21,135.21,0.07,0.89,0.9,0.4,
0.333,0.333,0.018,40.0,100000.0,2249.0,9.21,135.05,0.07,0.89,0.9,0.4,
0.333,0.333,0.02,42.0,100000.0,2237.0,9.21,134.89,0.07,0.9,0.9,0.4,
0.333,0.333,0.022,38.0,100000.0,2248.0,9.23,134.72,0.07,0.9,0.9,0.4,
0.333,0.333,0.025,53.0,100000.0,2266.0,9.23,134.56,0.07,0.9,0.9,0.4,
0.333,0.333,0.027,44.0,100000.0,2271.0,9.23,134.4,0.07,0.9,0.9,0.4,
0.333,0.333,0.03,45.0,100000.0,2250.0,9.23,134.24,0.07,0.9,0.9,0.4,
0.333,0.333,0.032,51.0,100000.0,2244.0,9.23,134.07,0.07,0.9,0.9,0.4,
0.333,0.333,0.035,47.0,100000.0,2260.0,9.23,133.91,0.07,0.9,0.9,0.4,
0.333,0.333,0.037,51.0,100000.0,2236.0,9.23,133.75,0.07,0.9,0.9,0.4,
0.333,0.333,0.04,42.0,100000.0,2253.0,9.23,133.59,0.07,0.9,0.9,0.4,
0.333,0.333,0.043,41.0,100000.0,2249.0,9.23,133.42,0.07,0.9,0.9,0.4,
0.333,0.333,0.045,50.0,100000.0,2242.0,9.23,133.26,0.07,0.9,0.9,0.4,
0.333,0.333,0.047,37.0,100000.0,2257.0,9.23,133.1,0.07,0.9,0.9,0.4,
0.333,0.333,0.05,51.0,100000.0,2246.0,9.23,132.94,0.07,0.9,0.9,0.4,
0.333,0.333,0.052,39.0,100000.0,2263.0,9.23,132.78,0.07,0.9,0.9,0.4,
0.333,0.333,0.055,51.0,100000.0,2232.0,9.23,132.61,0.07,0.9,0.9,0.4,
0.333,0.333,0.057,55.0,100000.0,2250.0,9.23,132.45,0.07,0.9,0.9,0.4,
0.333,0.333,0.06,48.0,100000.0,2251.0,9.23,132.29,0.07,0.9,0.9,0.4,
0.333,0.333,0.062,48.0,100000.0,2253.0,9.25,132.13,0.07,0.9,0.9,0.4,
0.333,0.333,0.065,48.0,100000.0,2247.0,9.25,131.97,0.07,0.9,0.9,0.4,
0.333,0.333,0.067,36.0,100000.0,2248.0,9.25,131.81,0.07,0.9,0.9,0.4,
0.333,0.333,0.07,47.0,100000.0,2267.0,9.25,131.65,0.07,0.9,0.9,0.4,
0.333,0.333,0.072,51.0,100000.0,2244.0,9.25,131.48,0.07,0.9,0.9,0.4,
0.333,0.333,0.075,49.0,100000.0,2261.0,9.25,131.32,0.07,0.9,0.9,0.4,
0.333,0.333,0.078,40.0,100000.0,2246.0,9.25,131.16,0.07,0.9,0.9,0.4,
0.333,0.333,0.08,47.0,100000.0,2241.0,9.25,131.0,0.07,0.9,0.9,0.4,
0.333,0.333,0.082,55.0,100000.0,2258.0,9.25,130.84,0.07,0.9,0.9,0.4,
0.333,0.333,0.085,43.0,100000.0,2249.0,9.27,130.68,0.07,0.9,0.9,0.4,
0.333,0.333,0.087,36.0,100000.0,2243.0,9.27,130.52,0.07,0.9,0.9,0.4,
0.333,0.333,0.09,55.0,100000.0,2252.0,9.27,130.36,0.07,0.9,0.9,0.4,
0.333,0.333,0.093,52.0,100000.0,2260.0,9.27,130.2,0.07,0.9,0.9,0.4,
0.333,0.333,0.095,41.0,100000.0,2247.0,9.27,130.04,0.07,0.9,0.9,0.4,
0.333,0.333,0.097,44.0,100000.0,2250.0,9.27,129.88,0.07,0.9,0.9,0.4,
0.333,0.333,0.1,49.0,100000.0,2267.0,9.27,129.72,0.07,0.9,0.9,0.4,
0.333,0.333,0.102,56.0,100000.0,2245.0,9.29,129.56,0.07,0.9,0.9,0.4,
0.333,0.333,0.105,37.0,100000.0,2243.0,9.29,129.4,0.07,0.9,0.9,0.4,
0.333,0.333,0.107,36.0,100000.0,2260.0,9.29,129.24,0.07,0.9,0.9,0.4,
0.333,0.333,0.11,45.0,100000.0,2246.0,9.29,129.08,0.07,0.9,0.9,0.4,
0.333,0.333,0.112,45.0,100000.0,2243.0,9.29,128.92,0.07,0.9,0.9,0.4,
0.333,0.333,0.115,34.0,100000.0,2247.0,9.29,128.77,0.07,0.9,0.9,0.4,
0.333,0.333,0.117,40.0,100000.0,2255.0,9.29,128.61,0.07,0.9,0.9,0.4,
0.333,0.333,0.12,46.0,100000.0,2248.0,9.31,128.45,0.07,0.9,0.9,0.4,
0.333,0.333,0.122,48.0,100000.0,2230.0,9.31,128.29,0.07,0.9,0.9,0.4,
0.333,0.333,0.125,46.0,100000.0,2275.0,9.31,128.13,0.07,0.9,0.9,0.4,
0.333,0.333,0.127,48.0,100000.0,2256.0,9.31,127.97,0.07,0.9,0.9,0.4,
0.333,0.333,0.13,39.0,100000.0,2244.0,9.31,127.82,0.07,0.9,0.9,0.4,
0.333,0.333,0.132,42.0,100000.0,2252.0,9.33,127.66,0.07,0.9,0.9,0.4,
0.333,0.333,0.135,34.0,100000.0,2248.0,9.33,127.5,0.07,0.9,0.9,0.4,
0.333,0.333,0.138,36.0,100000.0,2234.0,9.33,127.34,0.07,0.9,0.9,0.4,
0.333,0.333,0.14,39.0,100000.0,2264.0,9.33,127.19,0.07,0.9,0.9,0.4,
0.333,0.333,0.142,49.0,100000.0,2251.0,9.33,127.03,0.07,0.9,0.9,0.4,
0.333,0.333,0.145,43.0,100000.0,2246.0,9.35,126.87,0.07,0.9,0.9,0.4,
0.333,0.333,0.147,43.0,100000.0,2249.0,9.35,126.72,0.07,0.9,0.9,0.4,
0.333,0.333,0.15,59.0,100000.0,2247.0,9.35,126.56,0.07,0.9,0.9,0.4,
0.333,0.333,0.153,33.0,100000.0,2250.0,9.35,126.4,0.07,0.9,0.9,0.4,
0.333,0.333,0.155,52.0,100000.0,2246.0,9.37,126.25,0.07,0.9,0.9,0.4,
0.333,0.333,0.157,56.0,100000.0,2243.0,9.37,126.09,0.07,0.9,0.9,0.4,
0.333,0.333,0.16,56.0,100000.0,2255.0,9.37,125.93,0.07,0.9,0.9,0.4,
0.333,0.333,0.162,42.0,100000.0,2237.0,9.37,125.78,0.07,0.9,0.9,0.4,
0.333,0.333,0.165,52.0,100000.0,2236.0,9.37,125.62,0.07,0.9,0.9,0.4,
0.333,0.333,0.167,49.0,100000.0,2243.0,9.39,125.47,0.07,0.9,0.9,0.4,
0.333,0.333,0.17,48.0,100000.0,2239.0,9.39,125.31,0.07,0.9,0.9,0.4,
0.333,0.333,0.172,52.0,100000.0,2250.0,9.39,125.16,0.07,0.9,0.9,0.4,
0.333,0.333,0.175,76.0,100000.0,2251.0,9.39,125.0,0.07,0.9,0.9,0.4,
0.333,0.333,0.177,124.0,100000.0,2244.0,9.41,124.85,0.07,0.9,0.9,0.4,
0.333,0.333,0.18,160.0,100000.0,2244.0,9.41,124.7,0.07,0.9,0.9,0.4,
0.333,0.333,0.182,164.0,100000.0,2252.0,9.41,124.54,0.07,0.9,0.9,0.4,
0.333,0.333,0.185,125.0,100000.0,2235.0,9.43,124.39,0.07,0.9,0.9,0.4,
0.333,0.333,0.188,128.0,100000.0,2261.0,9.43,124.24,0.07,0.9,0.9,0.4,
0.333,0.333,0.19,63.0,100000.0,2263.0,9.43,124.08,0.07,0.9,0.9,0.4,
0.333,0.333,0.192,56.0,100000.0,2254.0,9.43,123.93,0.07,0.9,0.9,0.4,
0.333,0.333,0.195,54.0,100000.0,2247.0,9.45,123.78,0.07,0.9,0.9,0.4,
0.333,0.333,0.197,38.0,100000.0,2245.0,9.45,123.62,0.07,0.9,0.9,0.4,
0.333,0.333,0.2,44.0,100000.0,2235.0,9.45,123.47,0.07,0.9,0.9,0.4,
0.333,0.333,0.203,44.0,100000.0,2259.0,9.47,123.32,0.07,0.9,0.9,0.4,
0.333,0.333,0.205,36.0,100000.0,2256.0,9.47,123.17,0.07,0.9,0.9,0.4,
0.333,0.333,0.207,32.0,100000.0,2256.0,9.47,123.02,0.07,0.9,0.9,0.4,
0.333,0.333,0.21,46.0,100000.0,2262.0,9.47,122.86,0.07,0.9,0.9,0.4,
0.333,0.333,0.212,46.0,100000.0,2243.0,9.49,122.71,0.07,0.9,0.9,0.4,
0.333,0.333,0.215,42.0,100000.0,2244.0,9.49,122.56,0.07,0.9,0.9,0.4,
0.333,0.333,0.218,39.0,100000.0,2262.0,9.49,122.41,0.07,0.9,0.9,0.4,
0.333,0.333,0.22,39.0,100000.0,2248.0,9.51,122.26,0.07,0.9,0.9,0.4,
0.333,0.333,0.222,29.0,100000.0,2241.0,9.51,122.11,0.07,0.9,0.9,0.4,
0.333,0.333,0.225,34.0,100000.0,2249.0,9.51,121.96,0.07,0.9,0.9,0.4,
0.333,0.333,0.227,35.0,100000.0,2256.0,9.53,121.81,0.07,0.9,0.9,0.4,
0.333,0.333,0.23,36.0,100000.0,2255.0,9.53,121.66,0.07,0.9,0.9,0.4,
0.333,0.333,0.233,46.0,100000.0,2247.0,9.53,121.51,0.07,0.9,0.9,0.4,
0.333,0.333,0.235,39.0,100000.0,2257.0,9.55,121.36,0.07,0.9,0.9,0.4,
0.333,0.333,0.237,40.0,100000.0,2236.0,9.55,121.21,0.07,0.9,0.9,0.4,
0.333,0.333,0.24,45.0,100000.0,2254.0,9.55,121.07,0.07,0.9,0.9,0.4,
0.333,0.333,0.242,47.0,100000.0,2236.0,9.57,120.92,0.07,0.9,0.9,0.4,
0.333,0.333,0.245,44.0,100000.0,2244.0,9.57,120.77,0.07,0.9,0.9,0.4,
0.333,0.333,0.247,33.0,100000.0,2241.0,9.57,120.62,0.07,0.9,0.9,0.4,
0.333,0.333,0.25,44.0,100000.0,2256.0,9.59,120.47,0.07,0.9,0.9,0.4,
0.333,0.333,0.252,45.0,100000.0,2252.0,9.59,120.33,0.07,0.9,0.9,0.4,
0.333,0.333,0.255,39.0,100000.0,2241.0,9.59,120.18,0.07,0.9,0.9,0.4,
0.333,0.333,0.257,48.0,100000.0,2238.0,9.61,120.03,0.07,0.9,0.9,0.4,
0.333,0.333,0.26,34.0,100000.0,2257.0,9.61,119.89,0.07,0.9,0.9,0.4,
0.333,0.333,0.262,30.0,100000.0,2245.0,9.63,119.74,0.07,0.9,0.9,0.4,
0.333,0.333,0.265,43.0,100000.0,2257.0,9.63,119.59,0.07,0.9,0.9,0.4,
0.333,0.333,0.267,46.0,100000.0,2247.0,9.63,119.45,0.07,0.9,0.9,0.4,
0.333,0.333,0.27,44.0,100000.0,2254.0,9.65,119.3,0.07,0.9,0.9,0.4,
0.333,0.333,0.273,45.0,100000.0,2248.0,9.65,119.16,0.07,0.9,0.9,0.4,
0.333,0.333,0.275,43.0,100000.0,2259.0,9.67,119.01,0.07,0.9,0.9,0.4,
0.333,0.333,0.278,34.0,100000.0,2252.0,9.67,118.87,0.07,0.9,0.9,0.4,
0.333,0.333,0.28,30.0,100000.0,2247.0,9.67,118.72,0.07,0.9,0.9,0.4,
0.333,0.333,0.282,39.0,100000.0,2254.0,9.69,118.58,0.07,0.9,0.9,0.4,
0.333,0.333,0.285,42.0,100000.0,2247.0,9.69,118.44,0.07,0.9,0.9,0.4,
0.333,0.333,0.287,43.0,100000.0,2253.0,9.71,118.29,0.07,0.9,0.9,0.4,
0.333,0.333,0.29,38.0,100000.0,2249.0,9.71,118.15,0.07,0.9,0.9,0.4,
0.333,0.333,0.292,37.0,100000.0,2229.0,9.71,118.01,0.07,0.9,0.9,0.4,
0.333,0.333,0.295,43.0,100000.0,2265.0,9.73,117.86,0.07,0.9,0.9,0.4,
0.333,0.333,0.297,50.0,100000.0,2252.0,9.73,117.72,0.07,0.9,0.9,0.4,
0.333,0.333,0.3,49.0,100000.0,2252.0,9.75,117.58,0.07,0.9,0.9,0.4,
0.333,0.333,0.302,35.0,100000.0,2251.0,9.75,117.44,0.07,0.9,0.9,0.4,
0.333,0.333,0.305,37.0,100000.0,2246.0,9.75,117.3,0.07,0.9,0.9,0.4,
0.333,0.333,0.308,42.0,100000.0,2266.0,9.77,117.16,0.07,0.9,0.9,0.4,
0.333,0.333,0.31,34.0,100000.0,2254.0,9.77,117.02,0.07,0.9,0.9,0.4,
0.333,0.333,0.312,33.0,100000.0,2245.0,9.79,116.87,0.07,0.9,0.9,0.4,
0.333,0.333,0.315,46.0,100000.0,2244.0,9.79,116.73,0.07,0.9,0.9,0.4,
0.333,0.333,0.317,47.0,100000.0,2246.0,9.81,116.59,0.07,0.9,0.9,0.4,
0.333,0.333,0.32,35.0,100000.0,2240.0,9.81,116.45,0.07,0.9,0.9,0.4,
0.333,0.333,0.322,32.0,100000.0,2237.0,9.83,116.32,0.07,0.9,0.9,0.4,
0.333,0.333,0.325,40.0,100000.0,2267.0,9.83,116.18,0.07,0.9,0.9,0.4,
0.333,0.333,0.327,35.0,100000.0,2247.0,9.85,116.04,0.07,0.9,0.9,0.4,
0.333,0.333,0.33,32.0,100000.0,2243.0,9.85,115.9,0.07,0.9,0.9,0.4,
0.333,0.333,0.332,51.0,100000.0,2238.0,9.85,115.76,0.07,0.9,0.9,0.4,
0.333,0.333,0.335,37.0,100000.0,2259.0,9.87,115.62,0.07,0.9,0.9,0.4,
0.333,0.333,0.338,41.0,100000.0,2246.0,9.87,115.48,0.07,0.9,0.9,0.4,
0.333,0.333,0.34,43.0,100000.0,2243.0,9.89,115.35,0.07,0.9,0.9,0.4,
0.333,0.333,0.343,30.0,100000.0,2252.0,9.89,115.21,0.07,0.9,0.9,0.4,
0.333,0.333,0.345,48.0,100000.0,2247.0,9.91,115.07,0.07,0.9,0.9,0.4,
0.333,0.333,0.347,38.0,100000.0,2251.0,9.91,114.94,0.07,0.9,0.9,0.4,
0.333,0.333,0.35,43.0,100000.0,2240.0,9.93,114.8,0.07,0.9,0.9,0.4,
0.333,0.333,0.352,35.0,100000.0,2247.0,9.93,114.67,0.07,0.9,0.9,0.4,
0.333,0.333,0.355,43.0,100000.0,2241.0,9.95,114.53,0.07,0.9,0.9,0.4,
0.333,0.333,0.357,42.0,100000.0,2241.0,9.95,114.39,0.07,0.9,0.9,0.4,
0.333,0.333,0.36,45.0,100000.0,2254.0,9.97,114.26,0.07,0.9,0.9,0.4,
0.333,0.333,0.362,47.0,100000.0,2253.0,9.97,114.13,0.07,0.9,0.9,0.4,
0.333,0.333,0.365,34.0,100000.0,2243.0,9.99,113.99,0.07,0.9,0.9,0.4,
0.333,0.333,0.367,41.0,100000.0,2248.0,9.99,113.86,0.07,0.9,0.9,0.4,
0.333,0.333,0.37,49.0,100000.0,2248.0,10.01,113.72,0.07,0.9,0.9,0.4,
0.333,0.333,0.373,30.0,100000.0,2250.0,10.01,113.59,0.07,0.9,0.9,0.4,
0.333,0.333,0.375,41.0,100000.0,2249.0,10.03,113.46,0.07,0.9,0.9,0.4,
0.333,0.333,0.377,42.0,100000.0,2239.0,10.03,113.32,0.07,0.9,0.9,0.4,
0.333,0.333,0.38,43.0,100000.0,2254.0,10.05,113.19,0.07,0.9,0.9,0.4,
0.333,0.333,0.382,45.0,100000.0,2262.0,10.05,113.06,0.07,0.9,0.9,0.4,
0.333,0.333,0.385,36.0,100000.0,2242.0,10.07,112.93,0.07,0.9,0.9,0.4,
0.333,0.333,0.387,44.0,100000.0,2258.0,10.07,112.8,0.07,0.9,0.9,0.4,
0.333,0.333,0.39,40.0,100000.0,2241.0,10.09,112.67,0.07,0.9,0.9,0.4,
0.333,0.333,0.392,36.0,100000.0,2253.0,10.09,112.53,0.07,0.9,0.9,0.4,
0.333,0.333,0.395,46.0,100000.0,2247.0,10.12,112.4,0.07,0.9,0.9,0.4,
0.333,0.333,0.397,26.0,100000.0,2243.0,10.12,112.27,0.07,0.9,0.9,0.4,
0.333,0.333,0.4,44.0,100000.0,2225.0,10.14,112.14,0.07,0.9,0.9,0.4,
0.333,0.333,0.403,44.0,100000.0,2237.0,10.14,112.01,0.07,0.9,0.9,0.4,
0.333,0.333,0.405,38.0,100000.0,2245.0,10.16,111.89,0.07,0.9,0.9,0.4,
0.333,0.333,0.407,37.0,100000.0,2247.0,10.16,111.76,0.07,0.9,0.9,0.4,
0.333,0.333,0.41,34.0,100000.0,2254.0,10.18,111.63,0.07,0.9,0.9,0.4,
0.333,0.333,0.412,37.0,100000.0,2246.0,10.18,111.5,0.07,0.9,0.9,0.4,
0.333,0.333,0.415,44.0,100000.0,2256.0,10.2,111.37,0.07,0.9,0.9,0.4,
0.333,0.333,0.417,45.0,100000.0,2249.0,10.22,111.24,0.07,0.9,0.9,0.4,
0.333,0.333,0.42,41.0,100000.0,2244.0,10.22,111.12,0.07,0.9,0.9,0.4,
0.333,0.333,0.422,29.0,100000.0,2244.0,10.24,110.99,0.07,0.9,0.9,0.4,
0.333,0.333,0.425,36.0,100000.0,2256.0,10.24,110.86,0.07,0.9,0.9,0.4,
0.333,0.333,0.427,43.0,100000.0,2239.0,10.26,110.74,0.07,0.9,0.9,0.4,
0.333,0.333,0.43,47.0,100000.0,2251.0,10.26,110.61,0.07,0.9,0.9,0.4,
0.333,0.333,0.433,38.0,100000.0,2250.0,10.28,110.49,0.07,0.9,0.9,0.4,
0.333,0.333,0.435,32.0,100000.0,2241.0,10.3,110.36,0.07,0.9,0.9,0.4,
0.333,0.333,0.438,39.0,100000.0,2248.0,10.3,110.24,0.07,0.9,0.9,0.4,
0.333,0.333,0.44,30.0,100000.0,2237.0,10.32,110.11,0.07,0.9,0.9,0.4,
0.333,0.333,0.442,35.0,100000.0,2243.0,10.32,109.99,0.07,0.9,0.9,0.4,
0.333,0.333,0.445,40.0,100000.0,2238.0,10.34,109.86,0.07,0.9,0.9,0.4,
0.333,0.333,0.447,30.0,100000.0,2256.0,10.34,109.74,0.07,0.9,0.9,0.4,
0.333,0.333,0.45,53.0,100000.0,2244.0,10.37,109.61,0.07,0.9,0.9,0.4,
0.333,0.333,0.452,47.0,100000.0,2251.0,10.37,109.49,0.07,0.9,0.9,0.4,
0.333,0.333,0.455,23.0,100000.0,2257.0,10.39,109.37,0.07,0.9,0.9,0.4,
0.333,0.333,0.457,45.0,100000.0,2272.0,10.39,109.25,0.07,0.9,0.9,0.4,
0.333,0.333,0.46,35.0,100000.0,2243.0,10.42,109.12,0.07,0.9,0.9,0.4,
0.333,0.333,0.462,31.0,100000.0,2272.0,10.42,109.0,0.07,0.9,0.9,0.4,
0.333,0.333,0.465,35.0,100000.0,2234.0,10.44,108.88,0.07,0.9,0.9,0.4,
0.333,0.333,0.468,28.0,100000.0,2234.0,10.44,108.76,0.07,0.9,0.9,0.4,
0.333,0.333,0.47,36.0,100000.0,2250.0,10.46,108.64,0.07,0.9,0.9,0.4,
0.333,0.333,0.472,41.0,100000.0,2254.0,10.48,108.52,0.07,0.9,0.9,0.4,
0.333,0.333,0.475,44.0,100000.0,2254.0,10.48,108.4,0.07,0.9,0.9,0.4,
0.333,0.333,0.477,42.0,100000.0,2265.0,10.5,108.28,0.07,0.9,0.9,0.4,
0.333,0.333,0.48,31.0,100000.0,2253.0,10.5,108.16,0.07,0.9,0.9,0.4,
0.333,0.333,0.482,28.0,100000.0,2255.0,10.53,108.04,0.07,0.9,0.9,0.4,
0.333,0.333,0.485,29.0,100000.0,2237.0,10.53,107.92,0.07,0.9,0.9,0.4,
0.333,0.333,0.487,55.0,100000.0,2259.0,10.55,107.8,0.07,0.9,0.9,0.4,
0.333,0.333,0.49,28.0,100000.0,2252.0,10.57,107.68,0.07,0.9,0.9,0.4,
0.333,0.333,0.492,34.0,100000.0,2246.0,10.57,107.57,0.07,0.9,0.9,0.4,
0.333,0.333,0.495,36.0,100000.0,2260.0,10.59,107.45,0.07,0.9,0.9,0.4,
0.333,0.333,0.498,32.0,100000.0,2240.0,10.59,107.33,0.07,0.9,0.9,0.4,
0.333,0.333,0.5,36.0,100000.0,2233.0,10.62,107.22,0.07,0.9,0.9,0.4,
